#----------------------------------------
#Scheme name: 
as06_2 := 

# Number of Equitable Partitions: 31
# Number of Equivalence Classes: 10
[ 

# No. 1
[ [ 1, 0, 0, 0, 0, 0 ],
  [ 0, 1, 0, 0, 0, 0 ],
  [ 0, 0, 1, 0, 0, 0 ],
  [ 0, 0, 0, 1, 0, 0 ],
  [ 0, 0, 0, 0, 1, 0 ],
  [ 0, 0, 0, 0, 0, 1 ] ],

# No. 2
[ [ 1, 0, 0, 0, 0, 0 ],
  [ 0, 1, 0, 0, 0, 0 ],
  [ 0, 0, 1, 0, 0, 0 ],
  [ 0, 0, 0, 1, 0, 0 ],
  [ 0, 0, 0, 0, 1, 1 ] ],

# No. 3
[ [ 1, 0, 0, 0, 1, 0 ],
  [ 0, 1, 0, 0, 0, 1 ],
  [ 0, 0, 1, 0, 0, 0 ],
  [ 0, 0, 0, 1, 0, 0 ] ],

# No. 4
[ [ 1, 0, 0, 0, 0, 0 ],
  [ 0, 1, 0, 0, 0, 0 ],
  [ 0, 0, 1, 1, 0, 0 ],
  [ 0, 0, 0, 0, 1, 1 ] ],

# No. 5
[ [ 1, 0, 0, 0, 1, 0 ],
  [ 0, 1, 0, 0, 0, 1 ],
  [ 0, 0, 1, 1, 0, 0 ] ],

# No. 6
[ [ 1, 0, 0, 0, 0, 0 ],
  [ 0, 1, 0, 0, 0, 0 ],
  [ 0, 0, 1, 1, 1, 1 ] ],

# No. 7
[ [ 1, 0, 1, 0, 1, 0 ],
  [ 0, 1, 0, 1, 0, 1 ] ],

# No. 8
[ [ 1, 1, 0, 0, 0, 0 ],
  [ 0, 0, 1, 1, 0, 0 ],
  [ 0, 0, 0, 0, 1, 1 ] ],

# No. 9
[ [ 1, 1, 0, 0, 1, 1 ],
  [ 0, 0, 1, 1, 0, 0 ] ],

# No. 10
[ [ 1, 1, 1, 1, 1, 1 ] ]
];
#----------------------------------------
#Scheme name: 
as06_3 := 

# Number of Equitable Partitions: 41
# Number of Equivalence Classes: 9
[ 

# No. 1
[ [ 1, 0, 0, 0, 0, 0 ],
  [ 0, 1, 0, 0, 0, 0 ],
  [ 0, 0, 1, 0, 0, 0 ],
  [ 0, 0, 0, 1, 0, 0 ],
  [ 0, 0, 0, 0, 1, 0 ],
  [ 0, 0, 0, 0, 0, 1 ] ],

# No. 2
[ [ 1, 0, 0, 0, 0, 0 ],
  [ 0, 1, 0, 0, 0, 0 ],
  [ 0, 0, 1, 0, 0, 0 ],
  [ 0, 0, 0, 1, 0, 1 ],
  [ 0, 0, 0, 0, 1, 0 ] ],

# No. 3
[ [ 1, 0, 0, 0, 0, 0 ],
  [ 0, 1, 0, 0, 0, 0 ],
  [ 0, 0, 1, 0, 0, 0 ],
  [ 0, 0, 0, 1, 1, 1 ] ],

# No. 4
[ [ 1, 0, 0, 1, 0, 0 ],
  [ 0, 1, 0, 0, 1, 0 ],
  [ 0, 0, 1, 0, 0, 1 ] ],

# No. 5
[ [ 1, 0, 1, 0, 0, 0 ],
  [ 0, 1, 0, 0, 0, 0 ],
  [ 0, 0, 0, 1, 0, 1 ],
  [ 0, 0, 0, 0, 1, 0 ] ],

# No. 6
[ [ 1, 0, 1, 0, 0, 0 ],
  [ 0, 1, 0, 0, 0, 0 ],
  [ 0, 0, 0, 1, 1, 1 ] ],

# No. 7
[ [ 1, 0, 1, 1, 1, 0 ],
  [ 0, 1, 0, 0, 0, 1 ] ],

# No. 8
[ [ 1, 1, 1, 0, 0, 0 ],
  [ 0, 0, 0, 1, 1, 1 ] ],

# No. 9
[ [ 1, 1, 1, 1, 1, 1 ] ]
];
#----------------------------------------
#Scheme name: 
as06_4 := 

# Number of Equitable Partitions: 8
# Number of Equivalence Classes: 5
[ 

# No. 1
[ [ 1, 0, 0, 0, 0, 0 ],
  [ 0, 1, 0, 0, 0, 0 ],
  [ 0, 0, 1, 0, 0, 0 ],
  [ 0, 0, 0, 1, 0, 0 ],
  [ 0, 0, 0, 0, 1, 0 ],
  [ 0, 0, 0, 0, 0, 1 ] ],

# No. 2
[ [ 1, 0, 0, 0, 0, 0 ],
  [ 0, 1, 0, 0, 0, 0 ],
  [ 0, 0, 1, 0, 0, 0 ],
  [ 0, 0, 0, 1, 1, 1 ] ],

# No. 3
[ [ 1, 0, 0, 1, 0, 0 ],
  [ 0, 1, 0, 0, 1, 0 ],
  [ 0, 0, 1, 0, 0, 1 ] ],

# No. 4
[ [ 1, 1, 1, 0, 0, 0 ],
  [ 0, 0, 0, 1, 1, 1 ] ],

# No. 5
[ [ 1, 1, 1, 1, 1, 1 ] ]
];
#----------------------------------------
#Scheme name: 
as06_5 := 

# Number of Equitable Partitions: 13
# Number of Equivalence Classes: 7
[ 

# No. 1
[ [ 1, 0, 0, 0, 0, 0 ],
  [ 0, 1, 0, 0, 0, 0 ],
  [ 0, 0, 1, 0, 0, 0 ],
  [ 0, 0, 0, 1, 0, 0 ],
  [ 0, 0, 0, 0, 1, 0 ],
  [ 0, 0, 0, 0, 0, 1 ] ],

# No. 2
[ [ 1, 0, 0, 1, 0, 0 ],
  [ 0, 1, 0, 0, 0, 1 ],
  [ 0, 0, 1, 0, 0, 0 ],
  [ 0, 0, 0, 0, 1, 0 ] ],

# No. 3
[ [ 1, 0, 0, 0, 0, 1 ],
  [ 0, 1, 0, 1, 0, 0 ],
  [ 0, 0, 1, 0, 1, 0 ] ],

# No. 4
[ [ 1, 0, 1, 1, 0, 0 ],
  [ 0, 1, 0, 0, 1, 1 ] ],

# No. 5
[ [ 1, 1, 0, 0, 0, 0 ],
  [ 0, 0, 1, 0, 1, 0 ],
  [ 0, 0, 0, 1, 0, 1 ] ],

# No. 6
[ [ 1, 1, 0, 1, 0, 1 ],
  [ 0, 0, 1, 0, 1, 0 ] ],

# No. 7
[ [ 1, 1, 1, 1, 1, 1 ] ]
];
#----------------------------------------
#Scheme name: 
as06_6 := 

# Number of Equitable Partitions: 13
# Number of Equivalence Classes: 6
[ 

# No. 1
[ [ 1, 0, 0, 0, 0, 0 ],
  [ 0, 1, 0, 0, 0, 0 ],
  [ 0, 0, 1, 0, 0, 0 ],
  [ 0, 0, 0, 1, 0, 0 ],
  [ 0, 0, 0, 0, 1, 0 ],
  [ 0, 0, 0, 0, 0, 1 ] ],

# No. 2
[ [ 1, 0, 0, 0, 0, 0 ],
  [ 0, 1, 0, 0, 0, 0 ],
  [ 0, 0, 1, 0, 0, 0 ],
  [ 0, 0, 0, 1, 0, 0 ],
  [ 0, 0, 0, 0, 1, 1 ] ],

# No. 3
[ [ 1, 0, 0, 0, 0, 0 ],
  [ 0, 1, 0, 0, 0, 0 ],
  [ 0, 0, 1, 1, 0, 0 ],
  [ 0, 0, 0, 0, 1, 1 ] ],

# No. 4
[ [ 1, 0, 1, 0, 1, 0 ],
  [ 0, 1, 0, 1, 0, 1 ] ],

# No. 5
[ [ 1, 1, 0, 0, 0, 0 ],
  [ 0, 0, 1, 1, 0, 0 ],
  [ 0, 0, 0, 0, 1, 1 ] ],

# No. 6
[ [ 1, 1, 1, 1, 1, 1 ] ]
];
