#----------------------------------------
#Scheme name: 
as07_2 := 

# Number of Equitable Partitions: 9
# Number of Equivalence Classes: 3
[ 

# No. 1
[ [ 1, 0, 0, 0, 0, 0, 0 ],
  [ 0, 1, 0, 0, 0, 0, 0 ],
  [ 0, 0, 1, 0, 0, 0, 0 ],
  [ 0, 0, 0, 1, 0, 0, 0 ],
  [ 0, 0, 0, 0, 1, 0, 0 ],
  [ 0, 0, 0, 0, 0, 1, 0 ],
  [ 0, 0, 0, 0, 0, 0, 1 ] ],

# No. 2
[ [ 1, 0, 0, 1, 0, 0, 1 ],
  [ 0, 1, 0, 0, 0, 0, 0 ],
  [ 0, 0, 1, 0, 1, 1, 0 ] ],

# No. 3
[ [ 1, 1, 1, 1, 1, 1, 1 ] ]
];
#----------------------------------------
#Scheme name: 
as07_3 := 

# Number of Equitable Partitions: 9
# Number of Equivalence Classes: 3
[ 

# No. 1
[ [ 1, 0, 0, 0, 0, 0, 0 ],
  [ 0, 1, 0, 0, 0, 0, 0 ],
  [ 0, 0, 1, 0, 0, 0, 0 ],
  [ 0, 0, 0, 1, 0, 0, 0 ],
  [ 0, 0, 0, 0, 1, 0, 0 ],
  [ 0, 0, 0, 0, 0, 1, 0 ],
  [ 0, 0, 0, 0, 0, 0, 1 ] ],

# No. 2
[ [ 1, 0, 0, 0, 1, 0, 0 ],
  [ 0, 1, 0, 0, 0, 0, 1 ],
  [ 0, 0, 1, 0, 0, 0, 0 ],
  [ 0, 0, 0, 1, 0, 1, 0 ] ],

# No. 3
[ [ 1, 1, 1, 1, 1, 1, 1 ] ]
];
