#----------------------------------------
#Scheme name: 
as08_2 := 

# Number of Equitable Partitions: 164
# Number of Equivalence Classes: 20
[ 

# No. 1
[ [ 1, 0, 0, 0, 0, 0, 0, 0 ],
  [ 0, 1, 0, 0, 0, 0, 0, 0 ],
  [ 0, 0, 1, 0, 0, 0, 0, 0 ],
  [ 0, 0, 0, 1, 0, 0, 0, 0 ],
  [ 0, 0, 0, 0, 1, 0, 0, 0 ],
  [ 0, 0, 0, 0, 0, 1, 0, 0 ],
  [ 0, 0, 0, 0, 0, 0, 1, 0 ],
  [ 0, 0, 0, 0, 0, 0, 0, 1 ] ],

# No. 2
[ [ 1, 0, 0, 0, 0, 0, 0, 0 ],
  [ 0, 1, 0, 0, 0, 0, 0, 0 ],
  [ 0, 0, 1, 0, 0, 0, 0, 0 ],
  [ 0, 0, 0, 1, 0, 0, 0, 0 ],
  [ 0, 0, 0, 0, 1, 0, 0, 0 ],
  [ 0, 0, 0, 0, 0, 1, 0, 0 ],
  [ 0, 0, 0, 0, 0, 0, 1, 1 ] ],

# No. 3
[ [ 1, 0, 0, 0, 0, 0, 1, 0 ],
  [ 0, 1, 0, 0, 0, 0, 0, 1 ],
  [ 0, 0, 1, 0, 0, 0, 0, 0 ],
  [ 0, 0, 0, 1, 0, 0, 0, 0 ],
  [ 0, 0, 0, 0, 1, 0, 0, 0 ],
  [ 0, 0, 0, 0, 0, 1, 0, 0 ] ],

# No. 4
[ [ 1, 0, 0, 0, 0, 0, 0, 0 ],
  [ 0, 1, 0, 0, 0, 0, 0, 0 ],
  [ 0, 0, 1, 0, 0, 0, 0, 0 ],
  [ 0, 0, 0, 1, 0, 0, 0, 0 ],
  [ 0, 0, 0, 0, 1, 1, 0, 0 ],
  [ 0, 0, 0, 0, 0, 0, 1, 1 ] ],

# No. 5
[ [ 1, 0, 0, 0, 0, 0, 1, 0 ],
  [ 0, 1, 0, 0, 0, 0, 0, 1 ],
  [ 0, 0, 1, 0, 0, 0, 0, 0 ],
  [ 0, 0, 0, 1, 0, 0, 0, 0 ],
  [ 0, 0, 0, 0, 1, 1, 0, 0 ] ],

# No. 6
[ [ 1, 0, 0, 0, 0, 0, 0, 0 ],
  [ 0, 1, 0, 0, 0, 0, 0, 0 ],
  [ 0, 0, 1, 0, 0, 0, 0, 0 ],
  [ 0, 0, 0, 1, 0, 0, 0, 0 ],
  [ 0, 0, 0, 0, 1, 1, 1, 1 ] ],

# No. 7
[ [ 1, 0, 0, 0, 1, 0, 1, 0 ],
  [ 0, 1, 0, 0, 0, 1, 0, 1 ],
  [ 0, 0, 1, 0, 0, 0, 0, 0 ],
  [ 0, 0, 0, 1, 0, 0, 0, 0 ] ],

# No. 8
[ [ 1, 0, 0, 0, 1, 0, 0, 0 ],
  [ 0, 1, 0, 0, 0, 1, 0, 0 ],
  [ 0, 0, 1, 0, 0, 0, 1, 0 ],
  [ 0, 0, 0, 1, 0, 0, 0, 1 ] ],

# No. 9
[ [ 1, 0, 0, 0, 0, 0, 0, 0 ],
  [ 0, 1, 0, 0, 0, 0, 0, 0 ],
  [ 0, 0, 1, 1, 0, 0, 0, 0 ],
  [ 0, 0, 0, 0, 1, 1, 0, 0 ],
  [ 0, 0, 0, 0, 0, 0, 1, 1 ] ],

# No. 10
[ [ 1, 0, 0, 0, 0, 0, 1, 0 ],
  [ 0, 1, 0, 0, 0, 0, 0, 1 ],
  [ 0, 0, 1, 1, 0, 0, 0, 0 ],
  [ 0, 0, 0, 0, 1, 1, 0, 0 ] ],

# No. 11
[ [ 1, 0, 0, 0, 0, 0, 0, 0 ],
  [ 0, 1, 0, 0, 0, 0, 0, 0 ],
  [ 0, 0, 1, 1, 0, 0, 1, 1 ],
  [ 0, 0, 0, 0, 1, 1, 0, 0 ] ],

# No. 12
[ [ 1, 0, 0, 0, 1, 0, 1, 0 ],
  [ 0, 1, 0, 0, 0, 1, 0, 1 ],
  [ 0, 0, 1, 1, 0, 0, 0, 0 ] ],

# No. 13
[ [ 1, 0, 0, 0, 1, 0, 0, 0 ],
  [ 0, 1, 0, 0, 0, 1, 0, 0 ],
  [ 0, 0, 1, 1, 0, 0, 1, 1 ] ],

# No. 14
[ [ 1, 0, 0, 0, 0, 0, 0, 0 ],
  [ 0, 1, 0, 0, 0, 0, 0, 0 ],
  [ 0, 0, 1, 1, 1, 1, 1, 1 ] ],

# No. 15
[ [ 1, 0, 1, 0, 1, 0, 1, 0 ],
  [ 0, 1, 0, 1, 0, 1, 0, 1 ] ],

# No. 16
[ [ 1, 1, 0, 0, 0, 0, 0, 0 ],
  [ 0, 0, 1, 1, 0, 0, 0, 0 ],
  [ 0, 0, 0, 0, 1, 1, 0, 0 ],
  [ 0, 0, 0, 0, 0, 0, 1, 1 ] ],

# No. 17
[ [ 1, 1, 0, 0, 0, 0, 1, 1 ],
  [ 0, 0, 1, 1, 0, 0, 0, 0 ],
  [ 0, 0, 0, 0, 1, 1, 0, 0 ] ],

# No. 18
[ [ 1, 1, 0, 0, 1, 1, 1, 1 ],
  [ 0, 0, 1, 1, 0, 0, 0, 0 ] ],

# No. 19
[ [ 1, 1, 0, 0, 1, 1, 0, 0 ],
  [ 0, 0, 1, 1, 0, 0, 1, 1 ] ],

# No. 20
[ [ 1, 1, 1, 1, 1, 1, 1, 1 ] ]
];
#----------------------------------------
#Scheme name: 
as08_3 := 

# Number of Equitable Partitions: 356
# Number of Equivalence Classes: 20
[ 

# No. 1
[ [ 1, 0, 0, 0, 0, 0, 0, 0 ],
  [ 0, 1, 0, 0, 0, 0, 0, 0 ],
  [ 0, 0, 1, 0, 0, 0, 0, 0 ],
  [ 0, 0, 0, 1, 0, 0, 0, 0 ],
  [ 0, 0, 0, 0, 1, 0, 0, 0 ],
  [ 0, 0, 0, 0, 0, 1, 0, 0 ],
  [ 0, 0, 0, 0, 0, 0, 1, 0 ],
  [ 0, 0, 0, 0, 0, 0, 0, 1 ] ],

# No. 2
[ [ 1, 0, 0, 0, 0, 0, 0, 0 ],
  [ 0, 1, 0, 0, 0, 0, 0, 0 ],
  [ 0, 0, 1, 0, 0, 0, 0, 0 ],
  [ 0, 0, 0, 1, 0, 0, 0, 0 ],
  [ 0, 0, 0, 0, 1, 0, 0, 1 ],
  [ 0, 0, 0, 0, 0, 1, 0, 0 ],
  [ 0, 0, 0, 0, 0, 0, 1, 0 ] ],

# No. 3
[ [ 1, 0, 0, 0, 0, 0, 0, 0 ],
  [ 0, 1, 0, 0, 0, 0, 0, 0 ],
  [ 0, 0, 1, 0, 0, 0, 0, 0 ],
  [ 0, 0, 0, 1, 0, 0, 0, 0 ],
  [ 0, 0, 0, 0, 1, 0, 1, 1 ],
  [ 0, 0, 0, 0, 0, 1, 0, 0 ] ],

# No. 4
[ [ 1, 0, 0, 0, 0, 0, 0, 0 ],
  [ 0, 1, 0, 0, 0, 0, 0, 0 ],
  [ 0, 0, 1, 0, 0, 0, 0, 0 ],
  [ 0, 0, 0, 1, 0, 0, 0, 0 ],
  [ 0, 0, 0, 0, 1, 0, 1, 0 ],
  [ 0, 0, 0, 0, 0, 1, 0, 1 ] ],

# No. 5
[ [ 1, 0, 0, 0, 0, 0, 0, 0 ],
  [ 0, 1, 0, 0, 0, 0, 0, 0 ],
  [ 0, 0, 1, 0, 0, 0, 0, 0 ],
  [ 0, 0, 0, 1, 0, 0, 0, 0 ],
  [ 0, 0, 0, 0, 1, 1, 1, 1 ] ],

# No. 6
[ [ 1, 0, 0, 0, 1, 0, 0, 0 ],
  [ 0, 1, 0, 0, 0, 1, 0, 0 ],
  [ 0, 0, 1, 0, 0, 0, 1, 0 ],
  [ 0, 0, 0, 1, 0, 0, 0, 1 ] ],

# No. 7
[ [ 1, 0, 0, 1, 0, 0, 0, 0 ],
  [ 0, 1, 0, 0, 0, 0, 0, 0 ],
  [ 0, 0, 1, 0, 0, 0, 0, 0 ],
  [ 0, 0, 0, 0, 1, 0, 0, 1 ],
  [ 0, 0, 0, 0, 0, 1, 0, 0 ],
  [ 0, 0, 0, 0, 0, 0, 1, 0 ] ],

# No. 8
[ [ 1, 0, 0, 1, 0, 0, 0, 0 ],
  [ 0, 1, 0, 0, 0, 0, 0, 0 ],
  [ 0, 0, 1, 0, 0, 0, 0, 0 ],
  [ 0, 0, 0, 0, 1, 0, 1, 1 ],
  [ 0, 0, 0, 0, 0, 1, 0, 0 ] ],

# No. 9
[ [ 1, 0, 0, 1, 0, 0, 0, 0 ],
  [ 0, 1, 0, 0, 0, 0, 0, 0 ],
  [ 0, 0, 1, 0, 0, 0, 0, 0 ],
  [ 0, 0, 0, 0, 1, 0, 1, 0 ],
  [ 0, 0, 0, 0, 0, 1, 0, 1 ] ],

# No. 10
[ [ 1, 0, 0, 1, 0, 0, 0, 0 ],
  [ 0, 1, 0, 0, 0, 0, 0, 0 ],
  [ 0, 0, 1, 0, 0, 0, 0, 0 ],
  [ 0, 0, 0, 0, 1, 1, 1, 1 ] ],

# No. 11
[ [ 1, 0, 0, 1, 1, 1, 0, 0 ],
  [ 0, 1, 0, 0, 0, 0, 1, 0 ],
  [ 0, 0, 1, 0, 0, 0, 0, 1 ] ],

# No. 12
[ [ 1, 0, 1, 1, 0, 0, 0, 0 ],
  [ 0, 1, 0, 0, 0, 0, 0, 0 ],
  [ 0, 0, 0, 0, 1, 0, 1, 1 ],
  [ 0, 0, 0, 0, 0, 1, 0, 0 ] ],

# No. 13
[ [ 1, 0, 1, 1, 0, 0, 0, 0 ],
  [ 0, 1, 0, 0, 0, 0, 0, 0 ],
  [ 0, 0, 0, 0, 1, 0, 1, 0 ],
  [ 0, 0, 0, 0, 0, 1, 0, 1 ] ],

# No. 14
[ [ 1, 0, 1, 1, 0, 0, 0, 0 ],
  [ 0, 1, 0, 0, 0, 0, 0, 0 ],
  [ 0, 0, 0, 0, 1, 1, 1, 1 ] ],

# No. 15
[ [ 1, 0, 1, 1, 1, 1, 1, 0 ],
  [ 0, 1, 0, 0, 0, 0, 0, 1 ] ],

# No. 16
[ [ 1, 0, 1, 0, 0, 0, 0, 0 ],
  [ 0, 1, 0, 1, 0, 0, 0, 0 ],
  [ 0, 0, 0, 0, 1, 0, 1, 0 ],
  [ 0, 0, 0, 0, 0, 1, 0, 1 ] ],

# No. 17
[ [ 1, 0, 1, 0, 0, 0, 0, 0 ],
  [ 0, 1, 0, 1, 0, 0, 0, 0 ],
  [ 0, 0, 0, 0, 1, 1, 1, 1 ] ],

# No. 18
[ [ 1, 0, 1, 0, 1, 1, 0, 0 ],
  [ 0, 1, 0, 1, 0, 0, 1, 1 ] ],

# No. 19
[ [ 1, 1, 1, 1, 0, 0, 0, 0 ],
  [ 0, 0, 0, 0, 1, 1, 1, 1 ] ],

# No. 20
[ [ 1, 1, 1, 1, 1, 1, 1, 1 ] ]
];
#----------------------------------------
#Scheme name: 
as08_4 := 

# Number of Equitable Partitions: 76
# Number of Equivalence Classes: 20
[ 

# No. 1
[ [ 1, 0, 0, 0, 0, 0, 0, 0 ],
  [ 0, 1, 0, 0, 0, 0, 0, 0 ],
  [ 0, 0, 1, 0, 0, 0, 0, 0 ],
  [ 0, 0, 0, 1, 0, 0, 0, 0 ],
  [ 0, 0, 0, 0, 1, 0, 0, 0 ],
  [ 0, 0, 0, 0, 0, 1, 0, 0 ],
  [ 0, 0, 0, 0, 0, 0, 1, 0 ],
  [ 0, 0, 0, 0, 0, 0, 0, 1 ] ],

# No. 2
[ [ 1, 0, 0, 0, 0, 0, 0, 0 ],
  [ 0, 1, 0, 0, 0, 0, 0, 0 ],
  [ 0, 0, 1, 0, 0, 0, 0, 0 ],
  [ 0, 0, 0, 1, 0, 0, 0, 0 ],
  [ 0, 0, 0, 0, 1, 0, 0, 0 ],
  [ 0, 0, 0, 0, 0, 1, 0, 0 ],
  [ 0, 0, 0, 0, 0, 0, 1, 1 ] ],

# No. 3
[ [ 1, 0, 0, 0, 0, 0, 0, 0 ],
  [ 0, 1, 0, 0, 0, 0, 0, 0 ],
  [ 0, 0, 1, 0, 0, 0, 0, 0 ],
  [ 0, 0, 0, 1, 0, 0, 0, 0 ],
  [ 0, 0, 0, 0, 1, 0, 1, 0 ],
  [ 0, 0, 0, 0, 0, 1, 0, 1 ] ],

# No. 4
[ [ 1, 0, 0, 0, 0, 0, 0, 0 ],
  [ 0, 1, 0, 0, 0, 0, 0, 0 ],
  [ 0, 0, 1, 0, 0, 0, 0, 0 ],
  [ 0, 0, 0, 1, 0, 0, 0, 0 ],
  [ 0, 0, 0, 0, 1, 1, 0, 0 ],
  [ 0, 0, 0, 0, 0, 0, 1, 1 ] ],

# No. 5
[ [ 1, 0, 0, 0, 0, 0, 0, 0 ],
  [ 0, 1, 0, 0, 0, 0, 0, 0 ],
  [ 0, 0, 1, 0, 0, 0, 0, 0 ],
  [ 0, 0, 0, 1, 0, 0, 0, 0 ],
  [ 0, 0, 0, 0, 1, 1, 1, 1 ] ],

# No. 6
[ [ 1, 0, 0, 0, 1, 0, 0, 0 ],
  [ 0, 1, 0, 0, 0, 1, 0, 0 ],
  [ 0, 0, 1, 0, 0, 0, 1, 0 ],
  [ 0, 0, 0, 1, 0, 0, 0, 1 ] ],

# No. 7
[ [ 1, 0, 0, 0, 0, 0, 0, 0 ],
  [ 0, 1, 0, 0, 0, 0, 0, 0 ],
  [ 0, 0, 1, 1, 0, 0, 0, 0 ],
  [ 0, 0, 0, 0, 1, 0, 0, 0 ],
  [ 0, 0, 0, 0, 0, 1, 0, 0 ],
  [ 0, 0, 0, 0, 0, 0, 1, 1 ] ],

# No. 8
[ [ 1, 0, 0, 0, 0, 0, 0, 0 ],
  [ 0, 1, 0, 0, 0, 0, 0, 0 ],
  [ 0, 0, 1, 1, 0, 0, 0, 0 ],
  [ 0, 0, 0, 0, 1, 0, 1, 0 ],
  [ 0, 0, 0, 0, 0, 1, 0, 1 ] ],

# No. 9
[ [ 1, 0, 0, 0, 0, 0, 0, 0 ],
  [ 0, 1, 0, 0, 0, 0, 0, 0 ],
  [ 0, 0, 1, 1, 0, 0, 0, 0 ],
  [ 0, 0, 0, 0, 1, 1, 0, 0 ],
  [ 0, 0, 0, 0, 0, 0, 1, 1 ] ],

# No. 10
[ [ 1, 0, 0, 0, 0, 0, 0, 0 ],
  [ 0, 1, 0, 0, 0, 0, 0, 0 ],
  [ 0, 0, 1, 1, 0, 0, 0, 0 ],
  [ 0, 0, 0, 0, 1, 1, 1, 1 ] ],

# No. 11
[ [ 1, 0, 0, 0, 1, 0, 0, 0 ],
  [ 0, 1, 0, 0, 0, 1, 0, 0 ],
  [ 0, 0, 1, 1, 0, 0, 1, 1 ] ],

# No. 12
[ [ 1, 0, 1, 0, 0, 0, 0, 0 ],
  [ 0, 1, 0, 1, 0, 0, 0, 0 ],
  [ 0, 0, 0, 0, 1, 0, 1, 0 ],
  [ 0, 0, 0, 0, 0, 1, 0, 1 ] ],

# No. 13
[ [ 1, 0, 1, 0, 0, 0, 0, 0 ],
  [ 0, 1, 0, 1, 0, 0, 0, 0 ],
  [ 0, 0, 0, 0, 1, 1, 0, 0 ],
  [ 0, 0, 0, 0, 0, 0, 1, 1 ] ],

# No. 14
[ [ 1, 0, 1, 0, 0, 0, 0, 0 ],
  [ 0, 1, 0, 1, 0, 0, 0, 0 ],
  [ 0, 0, 0, 0, 1, 1, 1, 1 ] ],

# No. 15
[ [ 1, 0, 1, 0, 1, 0, 1, 0 ],
  [ 0, 1, 0, 1, 0, 1, 0, 1 ] ],

# No. 16
[ [ 1, 1, 0, 0, 0, 0, 0, 0 ],
  [ 0, 0, 1, 1, 0, 0, 0, 0 ],
  [ 0, 0, 0, 0, 1, 1, 0, 0 ],
  [ 0, 0, 0, 0, 0, 0, 1, 1 ] ],

# No. 17
[ [ 1, 1, 0, 0, 0, 0, 0, 0 ],
  [ 0, 0, 1, 1, 0, 0, 0, 0 ],
  [ 0, 0, 0, 0, 1, 1, 1, 1 ] ],

# No. 18
[ [ 1, 1, 0, 0, 1, 1, 0, 0 ],
  [ 0, 0, 1, 1, 0, 0, 1, 1 ] ],

# No. 19
[ [ 1, 1, 1, 1, 0, 0, 0, 0 ],
  [ 0, 0, 0, 0, 1, 1, 1, 1 ] ],

# No. 20
[ [ 1, 1, 1, 1, 1, 1, 1, 1 ] ]
];
#----------------------------------------
#Scheme name: 
as08_5 := 

# Number of Equitable Partitions: 48
# Number of Equivalence Classes: 14
[ 

# No. 1
[ [ 1, 0, 0, 0, 0, 0, 0, 0 ],
  [ 0, 1, 0, 0, 0, 0, 0, 0 ],
  [ 0, 0, 1, 0, 0, 0, 0, 0 ],
  [ 0, 0, 0, 1, 0, 0, 0, 0 ],
  [ 0, 0, 0, 0, 1, 0, 0, 0 ],
  [ 0, 0, 0, 0, 0, 1, 0, 0 ],
  [ 0, 0, 0, 0, 0, 0, 1, 0 ],
  [ 0, 0, 0, 0, 0, 0, 0, 1 ] ],

# No. 2
[ [ 1, 0, 0, 0, 1, 0, 0, 0 ],
  [ 0, 1, 0, 0, 0, 0, 0, 1 ],
  [ 0, 0, 1, 0, 0, 0, 0, 0 ],
  [ 0, 0, 0, 1, 0, 0, 0, 0 ],
  [ 0, 0, 0, 0, 0, 1, 0, 0 ],
  [ 0, 0, 0, 0, 0, 0, 1, 0 ] ],

# No. 3
[ [ 1, 0, 0, 0, 0, 0, 0, 1 ],
  [ 0, 1, 0, 0, 1, 0, 0, 0 ],
  [ 0, 0, 1, 0, 0, 1, 0, 0 ],
  [ 0, 0, 0, 1, 0, 0, 1, 0 ] ],

# No. 4
[ [ 1, 0, 0, 0, 0, 0, 0, 1 ],
  [ 0, 1, 0, 0, 1, 0, 0, 0 ],
  [ 0, 0, 1, 0, 0, 0, 1, 0 ],
  [ 0, 0, 0, 1, 0, 1, 0, 0 ] ],

# No. 5
[ [ 1, 0, 0, 1, 1, 0, 0, 0 ],
  [ 0, 1, 0, 0, 0, 0, 1, 1 ],
  [ 0, 0, 1, 0, 0, 0, 0, 0 ],
  [ 0, 0, 0, 0, 0, 1, 0, 0 ] ],

# No. 6
[ [ 1, 0, 0, 1, 0, 0, 0, 0 ],
  [ 0, 1, 0, 0, 0, 0, 1, 0 ],
  [ 0, 0, 1, 0, 1, 0, 0, 0 ],
  [ 0, 0, 0, 0, 0, 1, 0, 1 ] ],

# No. 7
[ [ 1, 0, 0, 0, 0, 0, 1, 0 ],
  [ 0, 1, 0, 1, 0, 0, 0, 0 ],
  [ 0, 0, 1, 0, 1, 1, 0, 1 ] ],

# No. 8
[ [ 1, 0, 1, 1, 1, 0, 0, 0 ],
  [ 0, 1, 0, 0, 0, 1, 1, 1 ] ],

# No. 9
[ [ 1, 0, 1, 0, 0, 0, 1, 1 ],
  [ 0, 1, 0, 1, 1, 1, 0, 0 ] ],

# No. 10
[ [ 1, 1, 0, 0, 0, 0, 0, 0 ],
  [ 0, 0, 1, 0, 0, 1, 0, 0 ],
  [ 0, 0, 0, 1, 0, 0, 1, 0 ],
  [ 0, 0, 0, 0, 1, 0, 0, 1 ] ],

# No. 11
[ [ 1, 1, 0, 0, 1, 0, 0, 1 ],
  [ 0, 0, 1, 0, 0, 1, 0, 0 ],
  [ 0, 0, 0, 1, 0, 0, 1, 0 ] ],

# No. 12
[ [ 1, 1, 0, 1, 1, 0, 1, 1 ],
  [ 0, 0, 1, 0, 0, 1, 0, 0 ] ],

# No. 13
[ [ 1, 1, 0, 1, 0, 0, 1, 0 ],
  [ 0, 0, 1, 0, 1, 1, 0, 1 ] ],

# No. 14
[ [ 1, 1, 1, 1, 1, 1, 1, 1 ] ]
];
#----------------------------------------
#Scheme name: 
as08_6 := 

# Number of Equitable Partitions: 20
# Number of Equivalence Classes: 7
[ 

# No. 1
[ [ 1, 0, 0, 0, 0, 0, 0, 0 ],
  [ 0, 1, 0, 0, 0, 0, 0, 0 ],
  [ 0, 0, 1, 0, 0, 0, 0, 0 ],
  [ 0, 0, 0, 1, 0, 0, 0, 0 ],
  [ 0, 0, 0, 0, 1, 0, 0, 0 ],
  [ 0, 0, 0, 0, 0, 1, 0, 0 ],
  [ 0, 0, 0, 0, 0, 0, 1, 0 ],
  [ 0, 0, 0, 0, 0, 0, 0, 1 ] ],

# No. 2
[ [ 1, 0, 0, 0, 1, 0, 0, 1 ],
  [ 0, 1, 0, 1, 0, 0, 1, 0 ],
  [ 0, 0, 1, 0, 0, 0, 0, 0 ],
  [ 0, 0, 0, 0, 0, 1, 0, 0 ] ],

# No. 3
[ [ 1, 1, 0, 0, 0, 0, 0, 0 ],
  [ 0, 0, 1, 0, 0, 1, 0, 0 ],
  [ 0, 0, 0, 1, 0, 0, 0, 1 ],
  [ 0, 0, 0, 0, 1, 0, 1, 0 ] ],

# No. 4
[ [ 1, 1, 0, 0, 1, 0, 1, 0 ],
  [ 0, 0, 1, 0, 0, 1, 0, 0 ],
  [ 0, 0, 0, 1, 0, 0, 0, 1 ] ],

# No. 5
[ [ 1, 1, 0, 1, 1, 0, 1, 1 ],
  [ 0, 0, 1, 0, 0, 1, 0, 0 ] ],

# No. 6
[ [ 1, 1, 0, 1, 0, 0, 0, 1 ],
  [ 0, 0, 1, 0, 1, 1, 1, 0 ] ],

# No. 7
[ [ 1, 1, 1, 1, 1, 1, 1, 1 ] ]
];
#----------------------------------------
#Scheme name: 
as08_7 := 

# Number of Equitable Partitions: 36
# Number of Equivalence Classes: 20
[ 

# No. 1
[ [ 1, 0, 0, 0, 0, 0, 0, 0 ],
  [ 0, 1, 0, 0, 0, 0, 0, 0 ],
  [ 0, 0, 1, 0, 0, 0, 0, 0 ],
  [ 0, 0, 0, 1, 0, 0, 0, 0 ],
  [ 0, 0, 0, 0, 1, 0, 0, 0 ],
  [ 0, 0, 0, 0, 0, 1, 0, 0 ],
  [ 0, 0, 0, 0, 0, 0, 1, 0 ],
  [ 0, 0, 0, 0, 0, 0, 0, 1 ] ],

# No. 2
[ [ 1, 0, 0, 0, 0, 0, 0, 0 ],
  [ 0, 1, 0, 0, 0, 0, 0, 0 ],
  [ 0, 0, 1, 0, 0, 0, 0, 0 ],
  [ 0, 0, 0, 1, 0, 0, 0, 0 ],
  [ 0, 0, 0, 0, 1, 0, 1, 0 ],
  [ 0, 0, 0, 0, 0, 1, 0, 1 ] ],

# No. 3
[ [ 1, 0, 0, 0, 0, 0, 0, 0 ],
  [ 0, 1, 0, 0, 0, 0, 0, 0 ],
  [ 0, 0, 1, 0, 0, 0, 0, 0 ],
  [ 0, 0, 0, 1, 0, 0, 0, 0 ],
  [ 0, 0, 0, 0, 1, 0, 0, 1 ],
  [ 0, 0, 0, 0, 0, 1, 1, 0 ] ],

# No. 4
[ [ 1, 0, 0, 0, 0, 0, 0, 0 ],
  [ 0, 1, 0, 0, 0, 0, 0, 0 ],
  [ 0, 0, 1, 0, 0, 0, 0, 0 ],
  [ 0, 0, 0, 1, 0, 0, 0, 0 ],
  [ 0, 0, 0, 0, 1, 1, 0, 0 ],
  [ 0, 0, 0, 0, 0, 0, 1, 1 ] ],

# No. 5
[ [ 1, 0, 0, 0, 0, 0, 0, 0 ],
  [ 0, 1, 0, 0, 0, 0, 0, 0 ],
  [ 0, 0, 1, 0, 0, 0, 0, 0 ],
  [ 0, 0, 0, 1, 0, 0, 0, 0 ],
  [ 0, 0, 0, 0, 1, 1, 1, 1 ] ],

# No. 6
[ [ 1, 0, 0, 0, 1, 0, 0, 0 ],
  [ 0, 1, 0, 0, 0, 1, 0, 0 ],
  [ 0, 0, 1, 0, 0, 0, 1, 0 ],
  [ 0, 0, 0, 1, 0, 0, 0, 1 ] ],

# No. 7
[ [ 1, 0, 1, 0, 0, 0, 0, 0 ],
  [ 0, 1, 0, 1, 0, 0, 0, 0 ],
  [ 0, 0, 0, 0, 1, 0, 1, 0 ],
  [ 0, 0, 0, 0, 0, 1, 0, 1 ] ],

# No. 8
[ [ 1, 0, 1, 0, 0, 0, 0, 0 ],
  [ 0, 1, 0, 1, 0, 0, 0, 0 ],
  [ 0, 0, 0, 0, 1, 0, 0, 1 ],
  [ 0, 0, 0, 0, 0, 1, 1, 0 ] ],

# No. 9
[ [ 1, 0, 1, 0, 0, 0, 0, 0 ],
  [ 0, 1, 0, 1, 0, 0, 0, 0 ],
  [ 0, 0, 0, 0, 1, 1, 0, 0 ],
  [ 0, 0, 0, 0, 0, 0, 1, 1 ] ],

# No. 10
[ [ 1, 0, 1, 0, 0, 0, 0, 0 ],
  [ 0, 1, 0, 1, 0, 0, 0, 0 ],
  [ 0, 0, 0, 0, 1, 1, 1, 1 ] ],

# No. 11
[ [ 1, 0, 1, 0, 1, 0, 1, 0 ],
  [ 0, 1, 0, 1, 0, 1, 0, 1 ] ],

# No. 12
[ [ 1, 0, 0, 1, 0, 0, 0, 0 ],
  [ 0, 1, 1, 0, 0, 0, 0, 0 ],
  [ 0, 0, 0, 0, 1, 0, 0, 1 ],
  [ 0, 0, 0, 0, 0, 1, 1, 0 ] ],

# No. 13
[ [ 1, 0, 0, 1, 0, 0, 0, 0 ],
  [ 0, 1, 1, 0, 0, 0, 0, 0 ],
  [ 0, 0, 0, 0, 1, 1, 0, 0 ],
  [ 0, 0, 0, 0, 0, 0, 1, 1 ] ],

# No. 14
[ [ 1, 0, 0, 1, 0, 0, 0, 0 ],
  [ 0, 1, 1, 0, 0, 0, 0, 0 ],
  [ 0, 0, 0, 0, 1, 1, 1, 1 ] ],

# No. 15
[ [ 1, 0, 0, 1, 1, 0, 0, 1 ],
  [ 0, 1, 1, 0, 0, 1, 1, 0 ] ],

# No. 16
[ [ 1, 1, 0, 0, 0, 0, 0, 0 ],
  [ 0, 0, 1, 1, 0, 0, 0, 0 ],
  [ 0, 0, 0, 0, 1, 1, 0, 0 ],
  [ 0, 0, 0, 0, 0, 0, 1, 1 ] ],

# No. 17
[ [ 1, 1, 0, 0, 0, 0, 0, 0 ],
  [ 0, 0, 1, 1, 0, 0, 0, 0 ],
  [ 0, 0, 0, 0, 1, 1, 1, 1 ] ],

# No. 18
[ [ 1, 1, 0, 0, 1, 1, 0, 0 ],
  [ 0, 0, 1, 1, 0, 0, 1, 1 ] ],

# No. 19
[ [ 1, 1, 1, 1, 0, 0, 0, 0 ],
  [ 0, 0, 0, 0, 1, 1, 1, 1 ] ],

# No. 20
[ [ 1, 1, 1, 1, 1, 1, 1, 1 ] ]
];
#----------------------------------------
#Scheme name: 
as08_8 := 

# Number of Equitable Partitions: 16
# Number of Equivalence Classes: 9
[ 

# No. 1
[ [ 1, 0, 0, 0, 0, 0, 0, 0 ],
  [ 0, 1, 0, 0, 0, 0, 0, 0 ],
  [ 0, 0, 1, 0, 0, 0, 0, 0 ],
  [ 0, 0, 0, 1, 0, 0, 0, 0 ],
  [ 0, 0, 0, 0, 1, 0, 0, 0 ],
  [ 0, 0, 0, 0, 0, 1, 0, 0 ],
  [ 0, 0, 0, 0, 0, 0, 1, 0 ],
  [ 0, 0, 0, 0, 0, 0, 0, 1 ] ],

# No. 2
[ [ 1, 0, 0, 0, 0, 0, 0, 0 ],
  [ 0, 1, 0, 0, 0, 0, 0, 0 ],
  [ 0, 0, 1, 0, 0, 0, 0, 0 ],
  [ 0, 0, 0, 1, 0, 0, 0, 0 ],
  [ 0, 0, 0, 0, 1, 1, 0, 0 ],
  [ 0, 0, 0, 0, 0, 0, 1, 1 ] ],

# No. 3
[ [ 1, 0, 0, 0, 0, 0, 0, 0 ],
  [ 0, 1, 0, 0, 0, 0, 0, 0 ],
  [ 0, 0, 1, 0, 0, 0, 0, 0 ],
  [ 0, 0, 0, 1, 0, 0, 0, 0 ],
  [ 0, 0, 0, 0, 1, 1, 1, 1 ] ],

# No. 4
[ [ 1, 0, 0, 0, 1, 0, 0, 0 ],
  [ 0, 1, 0, 0, 0, 1, 0, 0 ],
  [ 0, 0, 1, 0, 0, 0, 1, 0 ],
  [ 0, 0, 0, 1, 0, 0, 0, 1 ] ],

# No. 5
[ [ 1, 1, 0, 0, 0, 0, 0, 0 ],
  [ 0, 0, 1, 1, 0, 0, 0, 0 ],
  [ 0, 0, 0, 0, 1, 1, 0, 0 ],
  [ 0, 0, 0, 0, 0, 0, 1, 1 ] ],

# No. 6
[ [ 1, 1, 0, 0, 0, 0, 0, 0 ],
  [ 0, 0, 1, 1, 0, 0, 0, 0 ],
  [ 0, 0, 0, 0, 1, 1, 1, 1 ] ],

# No. 7
[ [ 1, 1, 0, 0, 1, 1, 0, 0 ],
  [ 0, 0, 1, 1, 0, 0, 1, 1 ] ],

# No. 8
[ [ 1, 1, 1, 1, 0, 0, 0, 0 ],
  [ 0, 0, 0, 0, 1, 1, 1, 1 ] ],

# No. 9
[ [ 1, 1, 1, 1, 1, 1, 1, 1 ] ]
];
#----------------------------------------
#Scheme name: 
as08_9 := 

# Number of Equitable Partitions: 52
# Number of Equivalence Classes: 18
[ 

# No. 1
[ [ 1, 0, 0, 0, 0, 0, 0, 0 ],
  [ 0, 1, 0, 0, 0, 0, 0, 0 ],
  [ 0, 0, 1, 0, 0, 0, 0, 0 ],
  [ 0, 0, 0, 1, 0, 0, 0, 0 ],
  [ 0, 0, 0, 0, 1, 0, 0, 0 ],
  [ 0, 0, 0, 0, 0, 1, 0, 0 ],
  [ 0, 0, 0, 0, 0, 0, 1, 0 ],
  [ 0, 0, 0, 0, 0, 0, 0, 1 ] ],

# No. 2
[ [ 1, 0, 0, 0, 0, 0, 0, 0 ],
  [ 0, 1, 0, 0, 0, 0, 0, 0 ],
  [ 0, 0, 1, 0, 0, 0, 0, 0 ],
  [ 0, 0, 0, 1, 0, 0, 0, 0 ],
  [ 0, 0, 0, 0, 1, 0, 0, 0 ],
  [ 0, 0, 0, 0, 0, 1, 0, 0 ],
  [ 0, 0, 0, 0, 0, 0, 1, 1 ] ],

# No. 3
[ [ 1, 0, 0, 0, 0, 0, 0, 0 ],
  [ 0, 1, 0, 0, 0, 0, 0, 0 ],
  [ 0, 0, 1, 0, 0, 0, 0, 0 ],
  [ 0, 0, 0, 1, 0, 0, 0, 0 ],
  [ 0, 0, 0, 0, 1, 1, 0, 0 ],
  [ 0, 0, 0, 0, 0, 0, 1, 1 ] ],

# No. 4
[ [ 1, 0, 0, 0, 1, 0, 0, 0 ],
  [ 0, 1, 0, 0, 0, 1, 0, 0 ],
  [ 0, 0, 1, 0, 0, 0, 1, 0 ],
  [ 0, 0, 0, 1, 0, 0, 0, 1 ] ],

# No. 5
[ [ 1, 0, 0, 0, 0, 0, 1, 0 ],
  [ 0, 1, 0, 0, 0, 0, 0, 1 ],
  [ 0, 0, 1, 0, 1, 0, 0, 0 ],
  [ 0, 0, 0, 1, 0, 1, 0, 0 ] ],

# No. 6
[ [ 1, 0, 0, 0, 0, 0, 0, 0 ],
  [ 0, 1, 0, 0, 0, 0, 0, 0 ],
  [ 0, 0, 1, 1, 0, 0, 0, 0 ],
  [ 0, 0, 0, 0, 1, 0, 0, 0 ],
  [ 0, 0, 0, 0, 0, 1, 0, 0 ],
  [ 0, 0, 0, 0, 0, 0, 1, 1 ] ],

# No. 7
[ [ 1, 0, 0, 0, 0, 0, 0, 0 ],
  [ 0, 1, 0, 0, 0, 0, 0, 0 ],
  [ 0, 0, 1, 1, 0, 0, 0, 0 ],
  [ 0, 0, 0, 0, 1, 1, 0, 0 ],
  [ 0, 0, 0, 0, 0, 0, 1, 0 ],
  [ 0, 0, 0, 0, 0, 0, 0, 1 ] ],

# No. 8
[ [ 1, 0, 0, 0, 0, 0, 0, 0 ],
  [ 0, 1, 0, 0, 0, 0, 0, 0 ],
  [ 0, 0, 1, 1, 0, 0, 0, 0 ],
  [ 0, 0, 0, 0, 1, 1, 0, 0 ],
  [ 0, 0, 0, 0, 0, 0, 1, 1 ] ],

# No. 9
[ [ 1, 0, 0, 0, 1, 0, 0, 0 ],
  [ 0, 1, 0, 0, 0, 1, 0, 0 ],
  [ 0, 0, 1, 1, 0, 0, 1, 1 ] ],

# No. 10
[ [ 1, 0, 0, 0, 0, 0, 1, 0 ],
  [ 0, 1, 0, 0, 0, 0, 0, 1 ],
  [ 0, 0, 1, 1, 1, 1, 0, 0 ] ],

# No. 11
[ [ 1, 0, 1, 0, 0, 0, 0, 0 ],
  [ 0, 1, 0, 1, 0, 0, 0, 0 ],
  [ 0, 0, 0, 0, 1, 0, 1, 0 ],
  [ 0, 0, 0, 0, 0, 1, 0, 1 ] ],

# No. 12
[ [ 1, 0, 1, 0, 0, 0, 0, 0 ],
  [ 0, 1, 0, 1, 0, 0, 0, 0 ],
  [ 0, 0, 0, 0, 1, 1, 1, 1 ] ],

# No. 13
[ [ 1, 0, 1, 0, 1, 0, 1, 0 ],
  [ 0, 1, 0, 1, 0, 1, 0, 1 ] ],

# No. 14
[ [ 1, 1, 0, 0, 0, 0, 0, 0 ],
  [ 0, 0, 1, 1, 0, 0, 0, 0 ],
  [ 0, 0, 0, 0, 1, 1, 0, 0 ],
  [ 0, 0, 0, 0, 0, 0, 1, 1 ] ],

# No. 15
[ [ 1, 1, 0, 0, 1, 1, 0, 0 ],
  [ 0, 0, 1, 1, 0, 0, 1, 1 ] ],

# No. 16
[ [ 1, 1, 0, 0, 0, 0, 1, 1 ],
  [ 0, 0, 1, 1, 1, 1, 0, 0 ] ],

# No. 17
[ [ 1, 1, 1, 1, 0, 0, 0, 0 ],
  [ 0, 0, 0, 0, 1, 1, 1, 1 ] ],

# No. 18
[ [ 1, 1, 1, 1, 1, 1, 1, 1 ] ]
];
#----------------------------------------
#Scheme name: 
as08_10 := 

# Number of Equitable Partitions: 16
# Number of Equivalence Classes: 8
[ 

# No. 1
[ [ 1, 0, 0, 0, 0, 0, 0, 0 ],
  [ 0, 1, 0, 0, 0, 0, 0, 0 ],
  [ 0, 0, 1, 0, 0, 0, 0, 0 ],
  [ 0, 0, 0, 1, 0, 0, 0, 0 ],
  [ 0, 0, 0, 0, 1, 0, 0, 0 ],
  [ 0, 0, 0, 0, 0, 1, 0, 0 ],
  [ 0, 0, 0, 0, 0, 0, 1, 0 ],
  [ 0, 0, 0, 0, 0, 0, 0, 1 ] ],

# No. 2
[ [ 1, 0, 0, 0, 1, 0, 0, 0 ],
  [ 0, 1, 0, 0, 0, 0, 0, 1 ],
  [ 0, 0, 1, 0, 0, 1, 0, 0 ],
  [ 0, 0, 0, 1, 0, 0, 1, 0 ] ],

# No. 3
[ [ 1, 0, 0, 0, 0, 0, 0, 0 ],
  [ 0, 1, 0, 0, 0, 0, 0, 0 ],
  [ 0, 0, 1, 1, 0, 0, 0, 0 ],
  [ 0, 0, 0, 0, 1, 1, 0, 0 ],
  [ 0, 0, 0, 0, 0, 0, 1, 1 ] ],

# No. 4
[ [ 1, 1, 0, 0, 0, 0, 0, 0 ],
  [ 0, 0, 1, 1, 0, 0, 0, 0 ],
  [ 0, 0, 0, 0, 1, 0, 0, 1 ],
  [ 0, 0, 0, 0, 0, 1, 1, 0 ] ],

# No. 5
[ [ 1, 1, 0, 0, 0, 0, 0, 0 ],
  [ 0, 0, 1, 1, 0, 0, 0, 0 ],
  [ 0, 0, 0, 0, 1, 1, 1, 1 ] ],

# No. 6
[ [ 1, 1, 0, 0, 1, 0, 0, 1 ],
  [ 0, 0, 1, 1, 0, 1, 1, 0 ] ],

# No. 7
[ [ 1, 1, 1, 1, 0, 0, 0, 0 ],
  [ 0, 0, 0, 0, 1, 1, 1, 1 ] ],

# No. 8
[ [ 1, 1, 1, 1, 1, 1, 1, 1 ] ]
];
#----------------------------------------
#Scheme name: 
as08_11 := 

# Number of Equitable Partitions: 34
# Number of Equivalence Classes: 11
[ 

# No. 1
[ [ 1, 0, 0, 0, 0, 0, 0, 0 ],
  [ 0, 1, 0, 0, 0, 0, 0, 0 ],
  [ 0, 0, 1, 0, 0, 0, 0, 0 ],
  [ 0, 0, 0, 1, 0, 0, 0, 0 ],
  [ 0, 0, 0, 0, 1, 0, 0, 0 ],
  [ 0, 0, 0, 0, 0, 1, 0, 0 ],
  [ 0, 0, 0, 0, 0, 0, 1, 0 ],
  [ 0, 0, 0, 0, 0, 0, 0, 1 ] ],

# No. 2
[ [ 1, 0, 0, 0, 0, 0, 0, 0 ],
  [ 0, 1, 0, 0, 0, 0, 0, 0 ],
  [ 0, 0, 1, 0, 0, 0, 0, 0 ],
  [ 0, 0, 0, 1, 0, 0, 0, 0 ],
  [ 0, 0, 0, 0, 1, 0, 0, 0 ],
  [ 0, 0, 0, 0, 0, 1, 0, 0 ],
  [ 0, 0, 0, 0, 0, 0, 1, 1 ] ],

# No. 3
[ [ 1, 0, 0, 0, 0, 0, 0, 0 ],
  [ 0, 1, 0, 0, 0, 0, 0, 0 ],
  [ 0, 0, 1, 0, 0, 0, 0, 0 ],
  [ 0, 0, 0, 1, 0, 0, 0, 0 ],
  [ 0, 0, 0, 0, 1, 1, 0, 0 ],
  [ 0, 0, 0, 0, 0, 0, 1, 1 ] ],

# No. 4
[ [ 1, 0, 0, 0, 0, 0, 0, 0 ],
  [ 0, 1, 0, 0, 0, 0, 0, 0 ],
  [ 0, 0, 1, 1, 0, 0, 0, 0 ],
  [ 0, 0, 0, 0, 1, 0, 0, 0 ],
  [ 0, 0, 0, 0, 0, 1, 0, 0 ],
  [ 0, 0, 0, 0, 0, 0, 1, 1 ] ],

# No. 5
[ [ 1, 0, 0, 0, 0, 0, 0, 0 ],
  [ 0, 1, 0, 0, 0, 0, 0, 0 ],
  [ 0, 0, 1, 1, 0, 0, 0, 0 ],
  [ 0, 0, 0, 0, 1, 1, 0, 0 ],
  [ 0, 0, 0, 0, 0, 0, 1, 1 ] ],

# No. 6
[ [ 1, 0, 1, 0, 0, 0, 0, 0 ],
  [ 0, 1, 0, 1, 0, 0, 0, 0 ],
  [ 0, 0, 0, 0, 1, 0, 1, 0 ],
  [ 0, 0, 0, 0, 0, 1, 0, 1 ] ],

# No. 7
[ [ 1, 0, 1, 0, 0, 0, 0, 0 ],
  [ 0, 1, 0, 1, 0, 0, 0, 0 ],
  [ 0, 0, 0, 0, 1, 1, 1, 1 ] ],

# No. 8
[ [ 1, 0, 1, 0, 1, 0, 1, 0 ],
  [ 0, 1, 0, 1, 0, 1, 0, 1 ] ],

# No. 9
[ [ 1, 1, 0, 0, 0, 0, 0, 0 ],
  [ 0, 0, 1, 1, 0, 0, 0, 0 ],
  [ 0, 0, 0, 0, 1, 1, 0, 0 ],
  [ 0, 0, 0, 0, 0, 0, 1, 1 ] ],

# No. 10
[ [ 1, 1, 1, 1, 0, 0, 0, 0 ],
  [ 0, 0, 0, 0, 1, 1, 1, 1 ] ],

# No. 11
[ [ 1, 1, 1, 1, 1, 1, 1, 1 ] ]
];
#----------------------------------------
#Scheme name: 
as08_12 := 

# Number of Equitable Partitions: 12
# Number of Equivalence Classes: 7
[ 

# No. 1
[ [ 1, 0, 0, 0, 0, 0, 0, 0 ],
  [ 0, 1, 0, 0, 0, 0, 0, 0 ],
  [ 0, 0, 1, 0, 0, 0, 0, 0 ],
  [ 0, 0, 0, 1, 0, 0, 0, 0 ],
  [ 0, 0, 0, 0, 1, 0, 0, 0 ],
  [ 0, 0, 0, 0, 0, 1, 0, 0 ],
  [ 0, 0, 0, 0, 0, 0, 1, 0 ],
  [ 0, 0, 0, 0, 0, 0, 0, 1 ] ],

# No. 2
[ [ 1, 0, 0, 0, 0, 0, 0, 0 ],
  [ 0, 1, 0, 0, 0, 0, 0, 0 ],
  [ 0, 0, 1, 1, 0, 0, 0, 0 ],
  [ 0, 0, 0, 0, 1, 1, 0, 0 ],
  [ 0, 0, 0, 0, 0, 0, 1, 1 ] ],

# No. 3
[ [ 1, 1, 0, 0, 0, 0, 0, 0 ],
  [ 0, 0, 1, 1, 0, 0, 0, 0 ],
  [ 0, 0, 0, 0, 1, 0, 0, 1 ],
  [ 0, 0, 0, 0, 0, 1, 1, 0 ] ],

# No. 4
[ [ 1, 1, 0, 0, 0, 0, 0, 0 ],
  [ 0, 0, 1, 1, 0, 0, 0, 0 ],
  [ 0, 0, 0, 0, 1, 1, 1, 1 ] ],

# No. 5
[ [ 1, 1, 0, 0, 1, 0, 0, 1 ],
  [ 0, 0, 1, 1, 0, 1, 1, 0 ] ],

# No. 6
[ [ 1, 1, 1, 1, 0, 0, 0, 0 ],
  [ 0, 0, 0, 0, 1, 1, 1, 1 ] ],

# No. 7
[ [ 1, 1, 1, 1, 1, 1, 1, 1 ] ]
];
#----------------------------------------
#Scheme name: 
as08_13 := 

# Number of Equitable Partitions: 24
# Number of Equivalence Classes: 16
[ 

# No. 1
[ [ 1, 0, 0, 0, 0, 0, 0, 0 ],
  [ 0, 1, 0, 0, 0, 0, 0, 0 ],
  [ 0, 0, 1, 0, 0, 0, 0, 0 ],
  [ 0, 0, 0, 1, 0, 0, 0, 0 ],
  [ 0, 0, 0, 0, 1, 0, 0, 0 ],
  [ 0, 0, 0, 0, 0, 1, 0, 0 ],
  [ 0, 0, 0, 0, 0, 0, 1, 0 ],
  [ 0, 0, 0, 0, 0, 0, 0, 1 ] ],

# No. 2
[ [ 1, 0, 0, 0, 0, 0, 0, 0 ],
  [ 0, 1, 0, 0, 0, 0, 0, 0 ],
  [ 0, 0, 1, 0, 0, 0, 0, 0 ],
  [ 0, 0, 0, 1, 0, 0, 0, 0 ],
  [ 0, 0, 0, 0, 1, 1, 0, 0 ],
  [ 0, 0, 0, 0, 0, 0, 1, 1 ] ],

# No. 3
[ [ 1, 0, 0, 0, 1, 0, 0, 0 ],
  [ 0, 1, 0, 0, 0, 1, 0, 0 ],
  [ 0, 0, 1, 0, 0, 0, 1, 0 ],
  [ 0, 0, 0, 1, 0, 0, 0, 1 ] ],

# No. 4
[ [ 1, 0, 0, 0, 0, 0, 1, 0 ],
  [ 0, 1, 0, 0, 0, 0, 0, 1 ],
  [ 0, 0, 1, 0, 1, 0, 0, 0 ],
  [ 0, 0, 0, 1, 0, 1, 0, 0 ] ],

# No. 5
[ [ 1, 0, 1, 0, 0, 0, 0, 0 ],
  [ 0, 1, 0, 1, 0, 0, 0, 0 ],
  [ 0, 0, 0, 0, 1, 0, 1, 0 ],
  [ 0, 0, 0, 0, 0, 1, 0, 1 ] ],

# No. 6
[ [ 1, 0, 1, 0, 0, 0, 0, 0 ],
  [ 0, 1, 0, 1, 0, 0, 0, 0 ],
  [ 0, 0, 0, 0, 1, 0, 0, 1 ],
  [ 0, 0, 0, 0, 0, 1, 1, 0 ] ],

# No. 7
[ [ 1, 0, 1, 0, 0, 0, 0, 0 ],
  [ 0, 1, 0, 1, 0, 0, 0, 0 ],
  [ 0, 0, 0, 0, 1, 1, 1, 1 ] ],

# No. 8
[ [ 1, 0, 1, 0, 1, 0, 1, 0 ],
  [ 0, 1, 0, 1, 0, 1, 0, 1 ] ],

# No. 9
[ [ 1, 0, 0, 1, 0, 0, 0, 0 ],
  [ 0, 1, 1, 0, 0, 0, 0, 0 ],
  [ 0, 0, 0, 0, 1, 0, 0, 1 ],
  [ 0, 0, 0, 0, 0, 1, 1, 0 ] ],

# No. 10
[ [ 1, 0, 0, 1, 0, 0, 0, 0 ],
  [ 0, 1, 1, 0, 0, 0, 0, 0 ],
  [ 0, 0, 0, 0, 1, 1, 1, 1 ] ],

# No. 11
[ [ 1, 0, 0, 1, 1, 0, 0, 1 ],
  [ 0, 1, 1, 0, 0, 1, 1, 0 ] ],

# No. 12
[ [ 1, 1, 0, 0, 0, 0, 0, 0 ],
  [ 0, 0, 1, 1, 0, 0, 0, 0 ],
  [ 0, 0, 0, 0, 1, 1, 0, 0 ],
  [ 0, 0, 0, 0, 0, 0, 1, 1 ] ],

# No. 13
[ [ 1, 1, 0, 0, 1, 1, 0, 0 ],
  [ 0, 0, 1, 1, 0, 0, 1, 1 ] ],

# No. 14
[ [ 1, 1, 0, 0, 0, 0, 1, 1 ],
  [ 0, 0, 1, 1, 1, 1, 0, 0 ] ],

# No. 15
[ [ 1, 1, 1, 1, 0, 0, 0, 0 ],
  [ 0, 0, 0, 0, 1, 1, 1, 1 ] ],

# No. 16
[ [ 1, 1, 1, 1, 1, 1, 1, 1 ] ]
];
#----------------------------------------
#Scheme name: 
as08_14 := 

# Number of Equitable Partitions: 18
# Number of Equivalence Classes: 12
[ 

# No. 1
[ [ 1, 0, 0, 0, 0, 0, 0, 0 ],
  [ 0, 1, 0, 0, 0, 0, 0, 0 ],
  [ 0, 0, 1, 0, 0, 0, 0, 0 ],
  [ 0, 0, 0, 1, 0, 0, 0, 0 ],
  [ 0, 0, 0, 0, 1, 0, 0, 0 ],
  [ 0, 0, 0, 0, 0, 1, 0, 0 ],
  [ 0, 0, 0, 0, 0, 0, 1, 0 ],
  [ 0, 0, 0, 0, 0, 0, 0, 1 ] ],

# No. 2
[ [ 1, 0, 0, 0, 0, 0, 0, 0 ],
  [ 0, 1, 0, 0, 0, 0, 0, 0 ],
  [ 0, 0, 1, 0, 0, 0, 0, 0 ],
  [ 0, 0, 0, 1, 0, 0, 0, 0 ],
  [ 0, 0, 0, 0, 1, 1, 0, 0 ],
  [ 0, 0, 0, 0, 0, 0, 1, 1 ] ],

# No. 3
[ [ 1, 0, 1, 0, 0, 0, 0, 0 ],
  [ 0, 1, 0, 1, 0, 0, 0, 0 ],
  [ 0, 0, 0, 0, 1, 0, 1, 0 ],
  [ 0, 0, 0, 0, 0, 1, 0, 1 ] ],

# No. 4
[ [ 1, 0, 1, 0, 0, 0, 0, 0 ],
  [ 0, 1, 0, 1, 0, 0, 0, 0 ],
  [ 0, 0, 0, 0, 1, 0, 0, 1 ],
  [ 0, 0, 0, 0, 0, 1, 1, 0 ] ],

# No. 5
[ [ 1, 0, 1, 0, 0, 0, 0, 0 ],
  [ 0, 1, 0, 1, 0, 0, 0, 0 ],
  [ 0, 0, 0, 0, 1, 1, 1, 1 ] ],

# No. 6
[ [ 1, 0, 1, 0, 1, 0, 1, 0 ],
  [ 0, 1, 0, 1, 0, 1, 0, 1 ] ],

# No. 7
[ [ 1, 0, 0, 1, 0, 0, 0, 0 ],
  [ 0, 1, 1, 0, 0, 0, 0, 0 ],
  [ 0, 0, 0, 0, 1, 0, 0, 1 ],
  [ 0, 0, 0, 0, 0, 1, 1, 0 ] ],

# No. 8
[ [ 1, 0, 0, 1, 0, 0, 0, 0 ],
  [ 0, 1, 1, 0, 0, 0, 0, 0 ],
  [ 0, 0, 0, 0, 1, 1, 1, 1 ] ],

# No. 9
[ [ 1, 0, 0, 1, 1, 0, 0, 1 ],
  [ 0, 1, 1, 0, 0, 1, 1, 0 ] ],

# No. 10
[ [ 1, 1, 0, 0, 0, 0, 0, 0 ],
  [ 0, 0, 1, 1, 0, 0, 0, 0 ],
  [ 0, 0, 0, 0, 1, 1, 0, 0 ],
  [ 0, 0, 0, 0, 0, 0, 1, 1 ] ],

# No. 11
[ [ 1, 1, 1, 1, 0, 0, 0, 0 ],
  [ 0, 0, 0, 0, 1, 1, 1, 1 ] ],

# No. 12
[ [ 1, 1, 1, 1, 1, 1, 1, 1 ] ]
];
#----------------------------------------
#Scheme name: 
as08_15 := 

# Number of Equitable Partitions: 12
# Number of Equivalence Classes: 9
[ 

# No. 1
[ [ 1, 0, 0, 0, 0, 0, 0, 0 ],
  [ 0, 1, 0, 0, 0, 0, 0, 0 ],
  [ 0, 0, 1, 0, 0, 0, 0, 0 ],
  [ 0, 0, 0, 1, 0, 0, 0, 0 ],
  [ 0, 0, 0, 0, 1, 0, 0, 0 ],
  [ 0, 0, 0, 0, 0, 1, 0, 0 ],
  [ 0, 0, 0, 0, 0, 0, 1, 0 ],
  [ 0, 0, 0, 0, 0, 0, 0, 1 ] ],

# No. 2
[ [ 1, 0, 0, 0, 0, 0, 0, 0 ],
  [ 0, 1, 0, 0, 0, 0, 0, 0 ],
  [ 0, 0, 1, 0, 0, 0, 0, 0 ],
  [ 0, 0, 0, 1, 0, 0, 0, 0 ],
  [ 0, 0, 0, 0, 1, 1, 0, 0 ],
  [ 0, 0, 0, 0, 0, 0, 1, 1 ] ],

# No. 3
[ [ 1, 0, 0, 0, 1, 0, 0, 0 ],
  [ 0, 1, 0, 0, 0, 1, 0, 0 ],
  [ 0, 0, 1, 0, 0, 0, 1, 0 ],
  [ 0, 0, 0, 1, 0, 0, 0, 1 ] ],

# No. 4
[ [ 1, 0, 0, 0, 0, 0, 0, 1 ],
  [ 0, 1, 0, 0, 0, 0, 1, 0 ],
  [ 0, 0, 1, 0, 1, 0, 0, 0 ],
  [ 0, 0, 0, 1, 0, 1, 0, 0 ] ],

# No. 5
[ [ 1, 1, 0, 0, 0, 0, 0, 0 ],
  [ 0, 0, 1, 1, 0, 0, 0, 0 ],
  [ 0, 0, 0, 0, 1, 1, 0, 0 ],
  [ 0, 0, 0, 0, 0, 0, 1, 1 ] ],

# No. 6
[ [ 1, 1, 0, 0, 1, 1, 0, 0 ],
  [ 0, 0, 1, 1, 0, 0, 1, 1 ] ],

# No. 7
[ [ 1, 1, 0, 0, 0, 0, 1, 1 ],
  [ 0, 0, 1, 1, 1, 1, 0, 0 ] ],

# No. 8
[ [ 1, 1, 1, 1, 0, 0, 0, 0 ],
  [ 0, 0, 0, 0, 1, 1, 1, 1 ] ],

# No. 9
[ [ 1, 1, 1, 1, 1, 1, 1, 1 ] ]
];
#----------------------------------------
#Scheme name: 
as08_16 := 

# Number of Equitable Partitions: 6
# Number of Equivalence Classes: 5
[ 

# No. 1
[ [ 1, 0, 0, 0, 0, 0, 0, 0 ],
  [ 0, 1, 0, 0, 0, 0, 0, 0 ],
  [ 0, 0, 1, 0, 0, 0, 0, 0 ],
  [ 0, 0, 0, 1, 0, 0, 0, 0 ],
  [ 0, 0, 0, 0, 1, 0, 0, 0 ],
  [ 0, 0, 0, 0, 0, 1, 0, 0 ],
  [ 0, 0, 0, 0, 0, 0, 1, 0 ],
  [ 0, 0, 0, 0, 0, 0, 0, 1 ] ],

# No. 2
[ [ 1, 0, 0, 0, 0, 0, 0, 0 ],
  [ 0, 1, 0, 0, 0, 0, 0, 0 ],
  [ 0, 0, 1, 0, 0, 0, 0, 0 ],
  [ 0, 0, 0, 1, 0, 0, 0, 0 ],
  [ 0, 0, 0, 0, 1, 1, 0, 0 ],
  [ 0, 0, 0, 0, 0, 0, 1, 1 ] ],

# No. 3
[ [ 1, 1, 0, 0, 0, 0, 0, 0 ],
  [ 0, 0, 1, 1, 0, 0, 0, 0 ],
  [ 0, 0, 0, 0, 1, 1, 0, 0 ],
  [ 0, 0, 0, 0, 0, 0, 1, 1 ] ],

# No. 4
[ [ 1, 1, 1, 1, 0, 0, 0, 0 ],
  [ 0, 0, 0, 0, 1, 1, 1, 1 ] ],

# No. 5
[ [ 1, 1, 1, 1, 1, 1, 1, 1 ] ]
];
