#----------------------------------------
#Scheme name: 
as10_2 := 

# Number of Equitable Partitions: 999
# Number of Equivalence Classes: 36
[ 

# No. 1
[ [ 1, 0, 0, 0, 0, 0, 0, 0, 0, 0 ],
  [ 0, 1, 0, 0, 0, 0, 0, 0, 0, 0 ],
  [ 0, 0, 1, 0, 0, 0, 0, 0, 0, 0 ],
  [ 0, 0, 0, 1, 0, 0, 0, 0, 0, 0 ],
  [ 0, 0, 0, 0, 1, 0, 0, 0, 0, 0 ],
  [ 0, 0, 0, 0, 0, 1, 0, 0, 0, 0 ],
  [ 0, 0, 0, 0, 0, 0, 1, 0, 0, 0 ],
  [ 0, 0, 0, 0, 0, 0, 0, 1, 0, 0 ],
  [ 0, 0, 0, 0, 0, 0, 0, 0, 1, 0 ],
  [ 0, 0, 0, 0, 0, 0, 0, 0, 0, 1 ] ],

# No. 2
[ [ 1, 0, 0, 0, 0, 0, 0, 0, 0, 0 ],
  [ 0, 1, 0, 0, 0, 0, 0, 0, 0, 0 ],
  [ 0, 0, 1, 0, 0, 0, 0, 0, 0, 0 ],
  [ 0, 0, 0, 1, 0, 0, 0, 0, 0, 0 ],
  [ 0, 0, 0, 0, 1, 0, 0, 0, 0, 0 ],
  [ 0, 0, 0, 0, 0, 1, 0, 0, 0, 0 ],
  [ 0, 0, 0, 0, 0, 0, 1, 0, 0, 0 ],
  [ 0, 0, 0, 0, 0, 0, 0, 1, 0, 0 ],
  [ 0, 0, 0, 0, 0, 0, 0, 0, 1, 1 ] ],

# No. 3
[ [ 1, 0, 0, 0, 0, 0, 0, 0, 1, 0 ],
  [ 0, 1, 0, 0, 0, 0, 0, 0, 0, 1 ],
  [ 0, 0, 1, 0, 0, 0, 0, 0, 0, 0 ],
  [ 0, 0, 0, 1, 0, 0, 0, 0, 0, 0 ],
  [ 0, 0, 0, 0, 1, 0, 0, 0, 0, 0 ],
  [ 0, 0, 0, 0, 0, 1, 0, 0, 0, 0 ],
  [ 0, 0, 0, 0, 0, 0, 1, 0, 0, 0 ],
  [ 0, 0, 0, 0, 0, 0, 0, 1, 0, 0 ] ],

# No. 4
[ [ 1, 0, 0, 0, 0, 0, 0, 0, 0, 0 ],
  [ 0, 1, 0, 0, 0, 0, 0, 0, 0, 0 ],
  [ 0, 0, 1, 0, 0, 0, 0, 0, 0, 0 ],
  [ 0, 0, 0, 1, 0, 0, 0, 0, 0, 0 ],
  [ 0, 0, 0, 0, 1, 0, 0, 0, 0, 0 ],
  [ 0, 0, 0, 0, 0, 1, 0, 0, 0, 0 ],
  [ 0, 0, 0, 0, 0, 0, 1, 1, 0, 0 ],
  [ 0, 0, 0, 0, 0, 0, 0, 0, 1, 1 ] ],

# No. 5
[ [ 1, 0, 0, 0, 0, 0, 0, 0, 1, 0 ],
  [ 0, 1, 0, 0, 0, 0, 0, 0, 0, 1 ],
  [ 0, 0, 1, 0, 0, 0, 0, 0, 0, 0 ],
  [ 0, 0, 0, 1, 0, 0, 0, 0, 0, 0 ],
  [ 0, 0, 0, 0, 1, 0, 0, 0, 0, 0 ],
  [ 0, 0, 0, 0, 0, 1, 0, 0, 0, 0 ],
  [ 0, 0, 0, 0, 0, 0, 1, 1, 0, 0 ] ],

# No. 6
[ [ 1, 0, 0, 0, 0, 0, 0, 0, 0, 0 ],
  [ 0, 1, 0, 0, 0, 0, 0, 0, 0, 0 ],
  [ 0, 0, 1, 0, 0, 0, 0, 0, 0, 0 ],
  [ 0, 0, 0, 1, 0, 0, 0, 0, 0, 0 ],
  [ 0, 0, 0, 0, 1, 0, 0, 0, 0, 0 ],
  [ 0, 0, 0, 0, 0, 1, 0, 0, 0, 0 ],
  [ 0, 0, 0, 0, 0, 0, 1, 1, 1, 1 ] ],

# No. 7
[ [ 1, 0, 0, 0, 0, 0, 1, 0, 1, 0 ],
  [ 0, 1, 0, 0, 0, 0, 0, 1, 0, 1 ],
  [ 0, 0, 1, 0, 0, 0, 0, 0, 0, 0 ],
  [ 0, 0, 0, 1, 0, 0, 0, 0, 0, 0 ],
  [ 0, 0, 0, 0, 1, 0, 0, 0, 0, 0 ],
  [ 0, 0, 0, 0, 0, 1, 0, 0, 0, 0 ] ],

# No. 8
[ [ 1, 0, 0, 0, 0, 0, 1, 0, 0, 0 ],
  [ 0, 1, 0, 0, 0, 0, 0, 1, 0, 0 ],
  [ 0, 0, 1, 0, 0, 0, 0, 0, 1, 0 ],
  [ 0, 0, 0, 1, 0, 0, 0, 0, 0, 1 ],
  [ 0, 0, 0, 0, 1, 0, 0, 0, 0, 0 ],
  [ 0, 0, 0, 0, 0, 1, 0, 0, 0, 0 ] ],

# No. 9
[ [ 1, 0, 0, 0, 0, 0, 0, 0, 0, 0 ],
  [ 0, 1, 0, 0, 0, 0, 0, 0, 0, 0 ],
  [ 0, 0, 1, 0, 0, 0, 0, 0, 0, 0 ],
  [ 0, 0, 0, 1, 0, 0, 0, 0, 0, 0 ],
  [ 0, 0, 0, 0, 1, 1, 0, 0, 0, 0 ],
  [ 0, 0, 0, 0, 0, 0, 1, 1, 0, 0 ],
  [ 0, 0, 0, 0, 0, 0, 0, 0, 1, 1 ] ],

# No. 10
[ [ 1, 0, 0, 0, 0, 0, 0, 0, 1, 0 ],
  [ 0, 1, 0, 0, 0, 0, 0, 0, 0, 1 ],
  [ 0, 0, 1, 0, 0, 0, 0, 0, 0, 0 ],
  [ 0, 0, 0, 1, 0, 0, 0, 0, 0, 0 ],
  [ 0, 0, 0, 0, 1, 1, 0, 0, 0, 0 ],
  [ 0, 0, 0, 0, 0, 0, 1, 1, 0, 0 ] ],

# No. 11
[ [ 1, 0, 0, 0, 0, 0, 0, 0, 0, 0 ],
  [ 0, 1, 0, 0, 0, 0, 0, 0, 0, 0 ],
  [ 0, 0, 1, 0, 0, 0, 0, 0, 0, 0 ],
  [ 0, 0, 0, 1, 0, 0, 0, 0, 0, 0 ],
  [ 0, 0, 0, 0, 1, 1, 0, 0, 1, 1 ],
  [ 0, 0, 0, 0, 0, 0, 1, 1, 0, 0 ] ],

# No. 12
[ [ 1, 0, 0, 0, 0, 0, 1, 0, 1, 0 ],
  [ 0, 1, 0, 0, 0, 0, 0, 1, 0, 1 ],
  [ 0, 0, 1, 0, 0, 0, 0, 0, 0, 0 ],
  [ 0, 0, 0, 1, 0, 0, 0, 0, 0, 0 ],
  [ 0, 0, 0, 0, 1, 1, 0, 0, 0, 0 ] ],

# No. 13
[ [ 1, 0, 0, 0, 0, 0, 1, 0, 0, 0 ],
  [ 0, 1, 0, 0, 0, 0, 0, 1, 0, 0 ],
  [ 0, 0, 1, 0, 0, 0, 0, 0, 1, 0 ],
  [ 0, 0, 0, 1, 0, 0, 0, 0, 0, 1 ],
  [ 0, 0, 0, 0, 1, 1, 0, 0, 0, 0 ] ],

# No. 14
[ [ 1, 0, 0, 0, 0, 0, 1, 0, 0, 0 ],
  [ 0, 1, 0, 0, 0, 0, 0, 1, 0, 0 ],
  [ 0, 0, 1, 0, 0, 0, 0, 0, 0, 0 ],
  [ 0, 0, 0, 1, 0, 0, 0, 0, 0, 0 ],
  [ 0, 0, 0, 0, 1, 1, 0, 0, 1, 1 ] ],

# No. 15
[ [ 1, 0, 0, 0, 0, 0, 0, 0, 0, 0 ],
  [ 0, 1, 0, 0, 0, 0, 0, 0, 0, 0 ],
  [ 0, 0, 1, 0, 0, 0, 0, 0, 0, 0 ],
  [ 0, 0, 0, 1, 0, 0, 0, 0, 0, 0 ],
  [ 0, 0, 0, 0, 1, 1, 1, 1, 1, 1 ] ],

# No. 16
[ [ 1, 0, 0, 0, 1, 0, 1, 0, 1, 0 ],
  [ 0, 1, 0, 0, 0, 1, 0, 1, 0, 1 ],
  [ 0, 0, 1, 0, 0, 0, 0, 0, 0, 0 ],
  [ 0, 0, 0, 1, 0, 0, 0, 0, 0, 0 ] ],

# No. 17
[ [ 1, 0, 0, 0, 1, 0, 1, 0, 0, 0 ],
  [ 0, 1, 0, 0, 0, 1, 0, 1, 0, 0 ],
  [ 0, 0, 1, 0, 0, 0, 0, 0, 1, 0 ],
  [ 0, 0, 0, 1, 0, 0, 0, 0, 0, 1 ] ],

# No. 18
[ [ 1, 0, 0, 0, 0, 0, 0, 0, 0, 0 ],
  [ 0, 1, 0, 0, 0, 0, 0, 0, 0, 0 ],
  [ 0, 0, 1, 1, 0, 0, 0, 0, 0, 0 ],
  [ 0, 0, 0, 0, 1, 1, 0, 0, 0, 0 ],
  [ 0, 0, 0, 0, 0, 0, 1, 1, 0, 0 ],
  [ 0, 0, 0, 0, 0, 0, 0, 0, 1, 1 ] ],

# No. 19
[ [ 1, 0, 0, 0, 0, 0, 0, 0, 1, 0 ],
  [ 0, 1, 0, 0, 0, 0, 0, 0, 0, 1 ],
  [ 0, 0, 1, 1, 0, 0, 0, 0, 0, 0 ],
  [ 0, 0, 0, 0, 1, 1, 0, 0, 0, 0 ],
  [ 0, 0, 0, 0, 0, 0, 1, 1, 0, 0 ] ],

# No. 20
[ [ 1, 0, 0, 0, 0, 0, 0, 0, 0, 0 ],
  [ 0, 1, 0, 0, 0, 0, 0, 0, 0, 0 ],
  [ 0, 0, 1, 1, 0, 0, 0, 0, 1, 1 ],
  [ 0, 0, 0, 0, 1, 1, 0, 0, 0, 0 ],
  [ 0, 0, 0, 0, 0, 0, 1, 1, 0, 0 ] ],

# No. 21
[ [ 1, 0, 0, 0, 0, 0, 1, 0, 1, 0 ],
  [ 0, 1, 0, 0, 0, 0, 0, 1, 0, 1 ],
  [ 0, 0, 1, 1, 0, 0, 0, 0, 0, 0 ],
  [ 0, 0, 0, 0, 1, 1, 0, 0, 0, 0 ] ],

# No. 22
[ [ 1, 0, 0, 0, 0, 0, 1, 0, 0, 0 ],
  [ 0, 1, 0, 0, 0, 0, 0, 1, 0, 0 ],
  [ 0, 0, 1, 1, 0, 0, 0, 0, 1, 1 ],
  [ 0, 0, 0, 0, 1, 1, 0, 0, 0, 0 ] ],

# No. 23
[ [ 1, 0, 0, 0, 0, 0, 0, 0, 0, 0 ],
  [ 0, 1, 0, 0, 0, 0, 0, 0, 0, 0 ],
  [ 0, 0, 1, 1, 0, 0, 1, 1, 1, 1 ],
  [ 0, 0, 0, 0, 1, 1, 0, 0, 0, 0 ] ],

# No. 24
[ [ 1, 0, 0, 0, 0, 0, 0, 0, 0, 0 ],
  [ 0, 1, 0, 0, 0, 0, 0, 0, 0, 0 ],
  [ 0, 0, 1, 1, 0, 0, 1, 1, 0, 0 ],
  [ 0, 0, 0, 0, 1, 1, 0, 0, 1, 1 ] ],

# No. 25
[ [ 1, 0, 0, 0, 1, 0, 1, 0, 1, 0 ],
  [ 0, 1, 0, 0, 0, 1, 0, 1, 0, 1 ],
  [ 0, 0, 1, 1, 0, 0, 0, 0, 0, 0 ] ],

# No. 26
[ [ 1, 0, 0, 0, 1, 0, 1, 0, 0, 0 ],
  [ 0, 1, 0, 0, 0, 1, 0, 1, 0, 0 ],
  [ 0, 0, 1, 1, 0, 0, 0, 0, 1, 1 ] ],

# No. 27
[ [ 1, 0, 0, 0, 1, 0, 0, 0, 0, 0 ],
  [ 0, 1, 0, 0, 0, 1, 0, 0, 0, 0 ],
  [ 0, 0, 1, 1, 0, 0, 1, 1, 1, 1 ] ],

# No. 28
[ [ 1, 0, 0, 0, 0, 0, 0, 0, 0, 0 ],
  [ 0, 1, 0, 0, 0, 0, 0, 0, 0, 0 ],
  [ 0, 0, 1, 1, 1, 1, 1, 1, 1, 1 ] ],

# No. 29
[ [ 1, 0, 1, 0, 1, 0, 1, 0, 1, 0 ],
  [ 0, 1, 0, 1, 0, 1, 0, 1, 0, 1 ] ],

# No. 30
[ [ 1, 1, 0, 0, 0, 0, 0, 0, 0, 0 ],
  [ 0, 0, 1, 1, 0, 0, 0, 0, 0, 0 ],
  [ 0, 0, 0, 0, 1, 1, 0, 0, 0, 0 ],
  [ 0, 0, 0, 0, 0, 0, 1, 1, 0, 0 ],
  [ 0, 0, 0, 0, 0, 0, 0, 0, 1, 1 ] ],

# No. 31
[ [ 1, 1, 0, 0, 0, 0, 0, 0, 1, 1 ],
  [ 0, 0, 1, 1, 0, 0, 0, 0, 0, 0 ],
  [ 0, 0, 0, 0, 1, 1, 0, 0, 0, 0 ],
  [ 0, 0, 0, 0, 0, 0, 1, 1, 0, 0 ] ],

# No. 32
[ [ 1, 1, 0, 0, 0, 0, 1, 1, 1, 1 ],
  [ 0, 0, 1, 1, 0, 0, 0, 0, 0, 0 ],
  [ 0, 0, 0, 0, 1, 1, 0, 0, 0, 0 ] ],

# No. 33
[ [ 1, 1, 0, 0, 0, 0, 1, 1, 0, 0 ],
  [ 0, 0, 1, 1, 0, 0, 0, 0, 1, 1 ],
  [ 0, 0, 0, 0, 1, 1, 0, 0, 0, 0 ] ],

# No. 34
[ [ 1, 1, 0, 0, 1, 1, 1, 1, 1, 1 ],
  [ 0, 0, 1, 1, 0, 0, 0, 0, 0, 0 ] ],

# No. 35
[ [ 1, 1, 0, 0, 1, 1, 1, 1, 0, 0 ],
  [ 0, 0, 1, 1, 0, 0, 0, 0, 1, 1 ] ],

# No. 36
[ [ 1, 1, 1, 1, 1, 1, 1, 1, 1, 1 ] ]
];
#----------------------------------------
#Scheme name: 
as10_3 := 

# Number of Equitable Partitions: 93
# Number of Equivalence Classes: 11
[ 

# No. 1
[ [ 1, 0, 0, 0, 0, 0, 0, 0, 0, 0 ],
  [ 0, 1, 0, 0, 0, 0, 0, 0, 0, 0 ],
  [ 0, 0, 1, 0, 0, 0, 0, 0, 0, 0 ],
  [ 0, 0, 0, 1, 0, 0, 0, 0, 0, 0 ],
  [ 0, 0, 0, 0, 1, 0, 0, 0, 0, 0 ],
  [ 0, 0, 0, 0, 0, 1, 0, 0, 0, 0 ],
  [ 0, 0, 0, 0, 0, 0, 1, 0, 0, 0 ],
  [ 0, 0, 0, 0, 0, 0, 0, 1, 0, 0 ],
  [ 0, 0, 0, 0, 0, 0, 0, 0, 1, 0 ],
  [ 0, 0, 0, 0, 0, 0, 0, 0, 0, 1 ] ],

# No. 2
[ [ 1, 0, 0, 0, 0, 1, 0, 0, 0, 0 ],
  [ 0, 1, 0, 0, 0, 0, 0, 0, 0, 0 ],
  [ 0, 0, 1, 0, 0, 0, 0, 1, 0, 0 ],
  [ 0, 0, 0, 1, 0, 0, 0, 0, 0, 1 ],
  [ 0, 0, 0, 0, 1, 0, 0, 0, 0, 0 ],
  [ 0, 0, 0, 0, 0, 0, 1, 0, 1, 0 ] ],

# No. 3
[ [ 1, 0, 0, 0, 0, 1, 0, 0, 0, 0 ],
  [ 0, 1, 0, 0, 0, 0, 0, 0, 0, 0 ],
  [ 0, 0, 1, 0, 0, 0, 0, 0, 0, 1 ],
  [ 0, 0, 0, 1, 0, 0, 0, 1, 0, 0 ],
  [ 0, 0, 0, 0, 1, 0, 0, 0, 0, 0 ],
  [ 0, 0, 0, 0, 0, 0, 1, 0, 0, 0 ],
  [ 0, 0, 0, 0, 0, 0, 0, 0, 1, 0 ] ],

# No. 4
[ [ 1, 0, 0, 0, 1, 1, 0, 0, 0, 0 ],
  [ 0, 1, 0, 0, 0, 0, 0, 0, 0, 0 ],
  [ 0, 0, 1, 0, 0, 0, 0, 0, 1, 1 ],
  [ 0, 0, 0, 1, 0, 0, 1, 1, 0, 0 ] ],

# No. 5
[ [ 1, 0, 0, 0, 1, 0, 0, 1, 0, 1 ],
  [ 0, 1, 0, 0, 0, 1, 0, 0, 0, 0 ],
  [ 0, 0, 1, 0, 0, 0, 1, 0, 0, 0 ],
  [ 0, 0, 0, 1, 0, 0, 0, 0, 1, 0 ] ],

# No. 6
[ [ 1, 0, 0, 1, 0, 1, 0, 1, 0, 0 ],
  [ 0, 1, 0, 0, 0, 0, 0, 0, 1, 0 ],
  [ 0, 0, 1, 0, 0, 0, 0, 0, 0, 1 ],
  [ 0, 0, 0, 0, 1, 0, 0, 0, 0, 0 ],
  [ 0, 0, 0, 0, 0, 0, 1, 0, 0, 0 ] ],

# No. 7
[ [ 1, 0, 0, 0, 1, 0, 0, 1, 0, 1 ],
  [ 0, 1, 0, 1, 0, 1, 0, 0, 1, 0 ],
  [ 0, 0, 1, 0, 0, 0, 1, 0, 0, 0 ] ],

# No. 8
[ [ 1, 0, 0, 0, 0, 0, 1, 1, 0, 0 ],
  [ 0, 1, 0, 1, 1, 1, 0, 0, 1, 1 ],
  [ 0, 0, 1, 0, 0, 0, 0, 0, 0, 0 ] ],

# No. 9
[ [ 1, 0, 1, 1, 0, 0, 1, 0, 0, 1 ],
  [ 0, 1, 0, 0, 1, 1, 0, 1, 1, 0 ] ],

# No. 10
[ [ 1, 0, 1, 0, 1, 1, 0, 0, 1, 1 ],
  [ 0, 1, 0, 1, 0, 0, 1, 1, 0, 0 ] ],

# No. 11
[ [ 1, 1, 1, 1, 1, 1, 1, 1, 1, 1 ] ]
];
#----------------------------------------
#Scheme name: 
as10_4 := 

# Number of Equitable Partitions: 4200
# Number of Equivalence Classes: 35
[ 

# No. 1
[ [ 1, 0, 0, 0, 0, 0, 0, 0, 0, 0 ],
  [ 0, 1, 0, 0, 0, 0, 0, 0, 0, 0 ],
  [ 0, 0, 1, 0, 0, 0, 0, 0, 0, 0 ],
  [ 0, 0, 0, 1, 0, 0, 0, 0, 0, 0 ],
  [ 0, 0, 0, 0, 1, 0, 0, 0, 0, 0 ],
  [ 0, 0, 0, 0, 0, 1, 0, 0, 0, 0 ],
  [ 0, 0, 0, 0, 0, 0, 1, 0, 0, 0 ],
  [ 0, 0, 0, 0, 0, 0, 0, 1, 0, 0 ],
  [ 0, 0, 0, 0, 0, 0, 0, 0, 1, 0 ],
  [ 0, 0, 0, 0, 0, 0, 0, 0, 0, 1 ] ],

# No. 2
[ [ 1, 0, 0, 0, 0, 0, 0, 0, 0, 0 ],
  [ 0, 1, 0, 0, 0, 0, 0, 0, 0, 0 ],
  [ 0, 0, 1, 0, 0, 0, 0, 0, 0, 0 ],
  [ 0, 0, 0, 1, 0, 0, 0, 0, 0, 0 ],
  [ 0, 0, 0, 0, 1, 0, 0, 0, 0, 0 ],
  [ 0, 0, 0, 0, 0, 1, 0, 0, 0, 1 ],
  [ 0, 0, 0, 0, 0, 0, 1, 0, 0, 0 ],
  [ 0, 0, 0, 0, 0, 0, 0, 1, 0, 0 ],
  [ 0, 0, 0, 0, 0, 0, 0, 0, 1, 0 ] ],

# No. 3
[ [ 1, 0, 0, 0, 0, 0, 0, 0, 0, 0 ],
  [ 0, 1, 0, 0, 0, 0, 0, 0, 0, 0 ],
  [ 0, 0, 1, 0, 0, 0, 0, 0, 0, 0 ],
  [ 0, 0, 0, 1, 0, 0, 0, 0, 0, 0 ],
  [ 0, 0, 0, 0, 1, 0, 0, 0, 0, 0 ],
  [ 0, 0, 0, 0, 0, 1, 0, 0, 1, 1 ],
  [ 0, 0, 0, 0, 0, 0, 1, 0, 0, 0 ],
  [ 0, 0, 0, 0, 0, 0, 0, 1, 0, 0 ] ],

# No. 4
[ [ 1, 0, 0, 0, 0, 0, 0, 0, 0, 0 ],
  [ 0, 1, 0, 0, 0, 0, 0, 0, 0, 0 ],
  [ 0, 0, 1, 0, 0, 0, 0, 0, 0, 0 ],
  [ 0, 0, 0, 1, 0, 0, 0, 0, 0, 0 ],
  [ 0, 0, 0, 0, 1, 0, 0, 0, 0, 0 ],
  [ 0, 0, 0, 0, 0, 1, 0, 0, 1, 0 ],
  [ 0, 0, 0, 0, 0, 0, 1, 0, 0, 1 ],
  [ 0, 0, 0, 0, 0, 0, 0, 1, 0, 0 ] ],

# No. 5
[ [ 1, 0, 0, 0, 0, 0, 0, 0, 0, 0 ],
  [ 0, 1, 0, 0, 0, 0, 0, 0, 0, 0 ],
  [ 0, 0, 1, 0, 0, 0, 0, 0, 0, 0 ],
  [ 0, 0, 0, 1, 0, 0, 0, 0, 0, 0 ],
  [ 0, 0, 0, 0, 1, 0, 0, 0, 0, 0 ],
  [ 0, 0, 0, 0, 0, 1, 0, 1, 1, 1 ],
  [ 0, 0, 0, 0, 0, 0, 1, 0, 0, 0 ] ],

# No. 6
[ [ 1, 0, 0, 0, 0, 0, 0, 0, 0, 0 ],
  [ 0, 1, 0, 0, 0, 0, 0, 0, 0, 0 ],
  [ 0, 0, 1, 0, 0, 0, 0, 0, 0, 0 ],
  [ 0, 0, 0, 1, 0, 0, 0, 0, 0, 0 ],
  [ 0, 0, 0, 0, 1, 0, 0, 0, 0, 0 ],
  [ 0, 0, 0, 0, 0, 1, 0, 1, 1, 0 ],
  [ 0, 0, 0, 0, 0, 0, 1, 0, 0, 1 ] ],

# No. 7
[ [ 1, 0, 0, 0, 0, 0, 0, 0, 0, 0 ],
  [ 0, 1, 0, 0, 0, 0, 0, 0, 0, 0 ],
  [ 0, 0, 1, 0, 0, 0, 0, 0, 0, 0 ],
  [ 0, 0, 0, 1, 0, 0, 0, 0, 0, 0 ],
  [ 0, 0, 0, 0, 1, 0, 0, 0, 0, 0 ],
  [ 0, 0, 0, 0, 0, 1, 1, 1, 1, 1 ] ],

# No. 8
[ [ 1, 0, 0, 0, 0, 1, 0, 0, 0, 0 ],
  [ 0, 1, 0, 0, 0, 0, 1, 0, 0, 0 ],
  [ 0, 0, 1, 0, 0, 0, 0, 1, 0, 0 ],
  [ 0, 0, 0, 1, 0, 0, 0, 0, 1, 0 ],
  [ 0, 0, 0, 0, 1, 0, 0, 0, 0, 1 ] ],

# No. 9
[ [ 1, 0, 0, 0, 1, 0, 0, 0, 0, 0 ],
  [ 0, 1, 0, 0, 0, 0, 0, 0, 0, 0 ],
  [ 0, 0, 1, 0, 0, 0, 0, 0, 0, 0 ],
  [ 0, 0, 0, 1, 0, 0, 0, 0, 0, 0 ],
  [ 0, 0, 0, 0, 0, 1, 0, 0, 0, 1 ],
  [ 0, 0, 0, 0, 0, 0, 1, 0, 0, 0 ],
  [ 0, 0, 0, 0, 0, 0, 0, 1, 0, 0 ],
  [ 0, 0, 0, 0, 0, 0, 0, 0, 1, 0 ] ],

# No. 10
[ [ 1, 0, 0, 0, 1, 0, 0, 0, 0, 0 ],
  [ 0, 1, 0, 0, 0, 0, 0, 0, 0, 0 ],
  [ 0, 0, 1, 0, 0, 0, 0, 0, 0, 0 ],
  [ 0, 0, 0, 1, 0, 0, 0, 0, 0, 0 ],
  [ 0, 0, 0, 0, 0, 1, 0, 0, 1, 1 ],
  [ 0, 0, 0, 0, 0, 0, 1, 0, 0, 0 ],
  [ 0, 0, 0, 0, 0, 0, 0, 1, 0, 0 ] ],

# No. 11
[ [ 1, 0, 0, 0, 1, 0, 0, 0, 0, 0 ],
  [ 0, 1, 0, 0, 0, 0, 0, 0, 0, 0 ],
  [ 0, 0, 1, 0, 0, 0, 0, 0, 0, 0 ],
  [ 0, 0, 0, 1, 0, 0, 0, 0, 0, 0 ],
  [ 0, 0, 0, 0, 0, 1, 0, 0, 1, 0 ],
  [ 0, 0, 0, 0, 0, 0, 1, 0, 0, 1 ],
  [ 0, 0, 0, 0, 0, 0, 0, 1, 0, 0 ] ],

# No. 12
[ [ 1, 0, 0, 0, 1, 0, 0, 0, 0, 0 ],
  [ 0, 1, 0, 0, 0, 0, 0, 0, 0, 0 ],
  [ 0, 0, 1, 0, 0, 0, 0, 0, 0, 0 ],
  [ 0, 0, 0, 1, 0, 0, 0, 0, 0, 0 ],
  [ 0, 0, 0, 0, 0, 1, 0, 1, 1, 1 ],
  [ 0, 0, 0, 0, 0, 0, 1, 0, 0, 0 ] ],

# No. 13
[ [ 1, 0, 0, 0, 1, 0, 0, 0, 0, 0 ],
  [ 0, 1, 0, 0, 0, 0, 0, 0, 0, 0 ],
  [ 0, 0, 1, 0, 0, 0, 0, 0, 0, 0 ],
  [ 0, 0, 0, 1, 0, 0, 0, 0, 0, 0 ],
  [ 0, 0, 0, 0, 0, 1, 0, 1, 1, 0 ],
  [ 0, 0, 0, 0, 0, 0, 1, 0, 0, 1 ] ],

# No. 14
[ [ 1, 0, 0, 0, 1, 0, 0, 0, 0, 0 ],
  [ 0, 1, 0, 0, 0, 0, 0, 0, 0, 0 ],
  [ 0, 0, 1, 0, 0, 0, 0, 0, 0, 0 ],
  [ 0, 0, 0, 1, 0, 0, 0, 0, 0, 0 ],
  [ 0, 0, 0, 0, 0, 1, 1, 1, 1, 1 ] ],

# No. 15
[ [ 1, 0, 0, 0, 1, 1, 1, 0, 0, 0 ],
  [ 0, 1, 0, 0, 0, 0, 0, 1, 0, 0 ],
  [ 0, 0, 1, 0, 0, 0, 0, 0, 1, 0 ],
  [ 0, 0, 0, 1, 0, 0, 0, 0, 0, 1 ] ],

# No. 16
[ [ 1, 0, 0, 1, 1, 0, 0, 0, 0, 0 ],
  [ 0, 1, 0, 0, 0, 0, 0, 0, 0, 0 ],
  [ 0, 0, 1, 0, 0, 0, 0, 0, 0, 0 ],
  [ 0, 0, 0, 0, 0, 1, 0, 0, 1, 1 ],
  [ 0, 0, 0, 0, 0, 0, 1, 0, 0, 0 ],
  [ 0, 0, 0, 0, 0, 0, 0, 1, 0, 0 ] ],

# No. 17
[ [ 1, 0, 0, 1, 1, 0, 0, 0, 0, 0 ],
  [ 0, 1, 0, 0, 0, 0, 0, 0, 0, 0 ],
  [ 0, 0, 1, 0, 0, 0, 0, 0, 0, 0 ],
  [ 0, 0, 0, 0, 0, 1, 0, 0, 1, 0 ],
  [ 0, 0, 0, 0, 0, 0, 1, 0, 0, 1 ],
  [ 0, 0, 0, 0, 0, 0, 0, 1, 0, 0 ] ],

# No. 18
[ [ 1, 0, 0, 1, 1, 0, 0, 0, 0, 0 ],
  [ 0, 1, 0, 0, 0, 0, 0, 0, 0, 0 ],
  [ 0, 0, 1, 0, 0, 0, 0, 0, 0, 0 ],
  [ 0, 0, 0, 0, 0, 1, 0, 1, 1, 1 ],
  [ 0, 0, 0, 0, 0, 0, 1, 0, 0, 0 ] ],

# No. 19
[ [ 1, 0, 0, 1, 1, 0, 0, 0, 0, 0 ],
  [ 0, 1, 0, 0, 0, 0, 0, 0, 0, 0 ],
  [ 0, 0, 1, 0, 0, 0, 0, 0, 0, 0 ],
  [ 0, 0, 0, 0, 0, 1, 0, 1, 1, 0 ],
  [ 0, 0, 0, 0, 0, 0, 1, 0, 0, 1 ] ],

# No. 20
[ [ 1, 0, 0, 1, 1, 0, 0, 0, 0, 0 ],
  [ 0, 1, 0, 0, 0, 0, 0, 0, 0, 0 ],
  [ 0, 0, 1, 0, 0, 0, 0, 0, 0, 0 ],
  [ 0, 0, 0, 0, 0, 1, 1, 1, 1, 1 ] ],

# No. 21
[ [ 1, 0, 0, 1, 1, 1, 1, 1, 0, 0 ],
  [ 0, 1, 0, 0, 0, 0, 0, 0, 1, 0 ],
  [ 0, 0, 1, 0, 0, 0, 0, 0, 0, 1 ] ],

# No. 22
[ [ 1, 0, 0, 1, 0, 0, 0, 0, 0, 0 ],
  [ 0, 1, 0, 0, 1, 0, 0, 0, 0, 0 ],
  [ 0, 0, 1, 0, 0, 0, 0, 0, 0, 0 ],
  [ 0, 0, 0, 0, 0, 1, 0, 0, 1, 0 ],
  [ 0, 0, 0, 0, 0, 0, 1, 0, 0, 1 ],
  [ 0, 0, 0, 0, 0, 0, 0, 1, 0, 0 ] ],

# No. 23
[ [ 1, 0, 0, 1, 0, 0, 0, 0, 0, 0 ],
  [ 0, 1, 0, 0, 1, 0, 0, 0, 0, 0 ],
  [ 0, 0, 1, 0, 0, 0, 0, 0, 0, 0 ],
  [ 0, 0, 0, 0, 0, 1, 0, 1, 1, 1 ],
  [ 0, 0, 0, 0, 0, 0, 1, 0, 0, 0 ] ],

# No. 24
[ [ 1, 0, 0, 1, 0, 0, 0, 0, 0, 0 ],
  [ 0, 1, 0, 0, 1, 0, 0, 0, 0, 0 ],
  [ 0, 0, 1, 0, 0, 0, 0, 0, 0, 0 ],
  [ 0, 0, 0, 0, 0, 1, 0, 1, 1, 0 ],
  [ 0, 0, 0, 0, 0, 0, 1, 0, 0, 1 ] ],

# No. 25
[ [ 1, 0, 0, 1, 0, 0, 0, 0, 0, 0 ],
  [ 0, 1, 0, 0, 1, 0, 0, 0, 0, 0 ],
  [ 0, 0, 1, 0, 0, 0, 0, 0, 0, 0 ],
  [ 0, 0, 0, 0, 0, 1, 1, 1, 1, 1 ] ],

# No. 26
[ [ 1, 0, 0, 1, 0, 1, 1, 0, 0, 0 ],
  [ 0, 1, 0, 0, 1, 0, 0, 1, 1, 0 ],
  [ 0, 0, 1, 0, 0, 0, 0, 0, 0, 1 ] ],

# No. 27
[ [ 1, 0, 1, 1, 1, 0, 0, 0, 0, 0 ],
  [ 0, 1, 0, 0, 0, 0, 0, 0, 0, 0 ],
  [ 0, 0, 0, 0, 0, 1, 0, 1, 1, 1 ],
  [ 0, 0, 0, 0, 0, 0, 1, 0, 0, 0 ] ],

# No. 28
[ [ 1, 0, 1, 1, 1, 0, 0, 0, 0, 0 ],
  [ 0, 1, 0, 0, 0, 0, 0, 0, 0, 0 ],
  [ 0, 0, 0, 0, 0, 1, 0, 1, 1, 0 ],
  [ 0, 0, 0, 0, 0, 0, 1, 0, 0, 1 ] ],

# No. 29
[ [ 1, 0, 1, 1, 1, 0, 0, 0, 0, 0 ],
  [ 0, 1, 0, 0, 0, 0, 0, 0, 0, 0 ],
  [ 0, 0, 0, 0, 0, 1, 1, 1, 1, 1 ] ],

# No. 30
[ [ 1, 0, 1, 1, 1, 1, 1, 1, 1, 0 ],
  [ 0, 1, 0, 0, 0, 0, 0, 0, 0, 1 ] ],

# No. 31
[ [ 1, 0, 1, 1, 0, 0, 0, 0, 0, 0 ],
  [ 0, 1, 0, 0, 1, 0, 0, 0, 0, 0 ],
  [ 0, 0, 0, 0, 0, 1, 0, 1, 1, 0 ],
  [ 0, 0, 0, 0, 0, 0, 1, 0, 0, 1 ] ],

# No. 32
[ [ 1, 0, 1, 1, 0, 0, 0, 0, 0, 0 ],
  [ 0, 1, 0, 0, 1, 0, 0, 0, 0, 0 ],
  [ 0, 0, 0, 0, 0, 1, 1, 1, 1, 1 ] ],

# No. 33
[ [ 1, 0, 1, 1, 0, 1, 1, 1, 0, 0 ],
  [ 0, 1, 0, 0, 1, 0, 0, 0, 1, 1 ] ],

# No. 34
[ [ 1, 1, 1, 1, 1, 0, 0, 0, 0, 0 ],
  [ 0, 0, 0, 0, 0, 1, 1, 1, 1, 1 ] ],

# No. 35
[ [ 1, 1, 1, 1, 1, 1, 1, 1, 1, 1 ] ]
];
#----------------------------------------
#Scheme name: 
as10_5 := 

# Number of Equitable Partitions: 139
# Number of Equivalence Classes: 18
[ 

# No. 1
[ [ 1, 0, 0, 0, 0, 0, 0, 0, 0, 0 ],
  [ 0, 1, 0, 0, 0, 0, 0, 0, 0, 0 ],
  [ 0, 0, 1, 0, 0, 0, 0, 0, 0, 0 ],
  [ 0, 0, 0, 1, 0, 0, 0, 0, 0, 0 ],
  [ 0, 0, 0, 0, 1, 0, 0, 0, 0, 0 ],
  [ 0, 0, 0, 0, 0, 1, 0, 0, 0, 0 ],
  [ 0, 0, 0, 0, 0, 0, 1, 0, 0, 0 ],
  [ 0, 0, 0, 0, 0, 0, 0, 1, 0, 0 ],
  [ 0, 0, 0, 0, 0, 0, 0, 0, 1, 0 ],
  [ 0, 0, 0, 0, 0, 0, 0, 0, 0, 1 ] ],

# No. 2
[ [ 1, 0, 0, 0, 0, 0, 0, 0, 0, 0 ],
  [ 0, 1, 0, 0, 0, 0, 0, 0, 0, 0 ],
  [ 0, 0, 1, 0, 0, 0, 0, 0, 0, 0 ],
  [ 0, 0, 0, 1, 0, 0, 0, 0, 0, 0 ],
  [ 0, 0, 0, 0, 1, 0, 0, 0, 0, 0 ],
  [ 0, 0, 0, 0, 0, 1, 0, 0, 0, 0 ],
  [ 0, 0, 0, 0, 0, 0, 1, 0, 0, 0 ],
  [ 0, 0, 0, 0, 0, 0, 0, 1, 0, 0 ],
  [ 0, 0, 0, 0, 0, 0, 0, 0, 1, 1 ] ],

# No. 3
[ [ 1, 0, 0, 0, 0, 0, 0, 0, 0, 0 ],
  [ 0, 1, 0, 0, 0, 0, 0, 0, 0, 0 ],
  [ 0, 0, 1, 0, 0, 0, 0, 0, 0, 0 ],
  [ 0, 0, 0, 1, 0, 0, 0, 0, 0, 0 ],
  [ 0, 0, 0, 0, 1, 0, 0, 0, 0, 0 ],
  [ 0, 0, 0, 0, 0, 1, 0, 0, 0, 0 ],
  [ 0, 0, 0, 0, 0, 0, 1, 1, 0, 0 ],
  [ 0, 0, 0, 0, 0, 0, 0, 0, 1, 1 ] ],

# No. 4
[ [ 1, 0, 0, 0, 0, 0, 1, 0, 0, 0 ],
  [ 0, 1, 0, 0, 0, 0, 0, 1, 0, 0 ],
  [ 0, 0, 1, 0, 0, 0, 0, 0, 0, 0 ],
  [ 0, 0, 0, 1, 0, 0, 0, 0, 0, 0 ],
  [ 0, 0, 0, 0, 1, 0, 0, 0, 1, 0 ],
  [ 0, 0, 0, 0, 0, 1, 0, 0, 0, 1 ] ],

# No. 5
[ [ 1, 0, 0, 0, 0, 0, 0, 0, 0, 0 ],
  [ 0, 1, 0, 0, 0, 0, 0, 0, 0, 0 ],
  [ 0, 0, 1, 0, 0, 0, 0, 0, 0, 0 ],
  [ 0, 0, 0, 1, 0, 0, 0, 0, 0, 0 ],
  [ 0, 0, 0, 0, 1, 1, 0, 0, 0, 0 ],
  [ 0, 0, 0, 0, 0, 0, 1, 1, 0, 0 ],
  [ 0, 0, 0, 0, 0, 0, 0, 0, 1, 0 ],
  [ 0, 0, 0, 0, 0, 0, 0, 0, 0, 1 ] ],

# No. 6
[ [ 1, 0, 0, 0, 0, 0, 0, 0, 0, 0 ],
  [ 0, 1, 0, 0, 0, 0, 0, 0, 0, 0 ],
  [ 0, 0, 1, 0, 0, 0, 0, 0, 0, 0 ],
  [ 0, 0, 0, 1, 0, 0, 0, 0, 0, 0 ],
  [ 0, 0, 0, 0, 1, 1, 0, 0, 0, 0 ],
  [ 0, 0, 0, 0, 0, 0, 1, 1, 0, 0 ],
  [ 0, 0, 0, 0, 0, 0, 0, 0, 1, 1 ] ],

# No. 7
[ [ 1, 0, 0, 0, 0, 0, 1, 0, 0, 0 ],
  [ 0, 1, 0, 0, 0, 0, 0, 1, 0, 0 ],
  [ 0, 0, 1, 0, 0, 0, 0, 0, 0, 0 ],
  [ 0, 0, 0, 1, 0, 0, 0, 0, 0, 0 ],
  [ 0, 0, 0, 0, 1, 1, 0, 0, 1, 1 ] ],

# No. 8
[ [ 1, 0, 0, 0, 0, 0, 0, 0, 1, 0 ],
  [ 0, 1, 0, 0, 0, 0, 0, 0, 0, 1 ],
  [ 0, 0, 1, 0, 0, 0, 1, 0, 0, 0 ],
  [ 0, 0, 0, 1, 0, 0, 0, 1, 0, 0 ],
  [ 0, 0, 0, 0, 1, 1, 0, 0, 0, 0 ] ],

# No. 9
[ [ 1, 0, 0, 0, 0, 0, 0, 0, 0, 0 ],
  [ 0, 1, 0, 0, 0, 0, 0, 0, 0, 0 ],
  [ 0, 0, 1, 1, 0, 0, 0, 0, 0, 0 ],
  [ 0, 0, 0, 0, 1, 1, 0, 0, 0, 0 ],
  [ 0, 0, 0, 0, 0, 0, 1, 0, 0, 0 ],
  [ 0, 0, 0, 0, 0, 0, 0, 1, 0, 0 ],
  [ 0, 0, 0, 0, 0, 0, 0, 0, 1, 1 ] ],

# No. 10
[ [ 1, 0, 0, 0, 0, 0, 0, 0, 0, 0 ],
  [ 0, 1, 0, 0, 0, 0, 0, 0, 0, 0 ],
  [ 0, 0, 1, 1, 0, 0, 0, 0, 0, 0 ],
  [ 0, 0, 0, 0, 1, 1, 0, 0, 0, 0 ],
  [ 0, 0, 0, 0, 0, 0, 1, 1, 0, 0 ],
  [ 0, 0, 0, 0, 0, 0, 0, 0, 1, 1 ] ],

# No. 11
[ [ 1, 0, 0, 0, 0, 0, 1, 0, 0, 0 ],
  [ 0, 1, 0, 0, 0, 0, 0, 1, 0, 0 ],
  [ 0, 0, 1, 1, 0, 0, 0, 0, 0, 0 ],
  [ 0, 0, 0, 0, 1, 1, 0, 0, 1, 1 ] ],

# No. 12
[ [ 1, 0, 0, 0, 1, 0, 0, 0, 0, 0 ],
  [ 0, 1, 0, 0, 0, 1, 0, 0, 0, 0 ],
  [ 0, 0, 1, 1, 0, 0, 0, 0, 1, 1 ],
  [ 0, 0, 0, 0, 0, 0, 1, 0, 0, 0 ],
  [ 0, 0, 0, 0, 0, 0, 0, 1, 0, 0 ] ],

# No. 13
[ [ 1, 0, 0, 0, 1, 0, 0, 0, 0, 0 ],
  [ 0, 1, 0, 0, 0, 1, 0, 0, 0, 0 ],
  [ 0, 0, 1, 1, 0, 0, 0, 0, 1, 1 ],
  [ 0, 0, 0, 0, 0, 0, 1, 1, 0, 0 ] ],

# No. 14
[ [ 1, 0, 0, 0, 0, 0, 0, 0, 0, 0 ],
  [ 0, 1, 0, 0, 0, 0, 0, 0, 0, 0 ],
  [ 0, 0, 1, 1, 1, 1, 0, 0, 0, 0 ],
  [ 0, 0, 0, 0, 0, 0, 1, 1, 1, 1 ] ],

# No. 15
[ [ 1, 0, 1, 0, 1, 0, 1, 0, 1, 0 ],
  [ 0, 1, 0, 1, 0, 1, 0, 1, 0, 1 ] ],

# No. 16
[ [ 1, 1, 0, 0, 0, 0, 0, 0, 0, 0 ],
  [ 0, 0, 1, 1, 0, 0, 0, 0, 0, 0 ],
  [ 0, 0, 0, 0, 1, 1, 0, 0, 0, 0 ],
  [ 0, 0, 0, 0, 0, 0, 1, 1, 0, 0 ],
  [ 0, 0, 0, 0, 0, 0, 0, 0, 1, 1 ] ],

# No. 17
[ [ 1, 1, 0, 0, 0, 0, 1, 1, 0, 0 ],
  [ 0, 0, 1, 1, 0, 0, 0, 0, 0, 0 ],
  [ 0, 0, 0, 0, 1, 1, 0, 0, 1, 1 ] ],

# No. 18
[ [ 1, 1, 1, 1, 1, 1, 1, 1, 1, 1 ] ]
];
#----------------------------------------
#Scheme name: 
as10_6 := 

# Number of Equitable Partitions: 184
# Number of Equivalence Classes: 19
[ 

# No. 1
[ [ 1, 0, 0, 0, 0, 0, 0, 0, 0, 0 ],
  [ 0, 1, 0, 0, 0, 0, 0, 0, 0, 0 ],
  [ 0, 0, 1, 0, 0, 0, 0, 0, 0, 0 ],
  [ 0, 0, 0, 1, 0, 0, 0, 0, 0, 0 ],
  [ 0, 0, 0, 0, 1, 0, 0, 0, 0, 0 ],
  [ 0, 0, 0, 0, 0, 1, 0, 0, 0, 0 ],
  [ 0, 0, 0, 0, 0, 0, 1, 0, 0, 0 ],
  [ 0, 0, 0, 0, 0, 0, 0, 1, 0, 0 ],
  [ 0, 0, 0, 0, 0, 0, 0, 0, 1, 0 ],
  [ 0, 0, 0, 0, 0, 0, 0, 0, 0, 1 ] ],

# No. 2
[ [ 1, 0, 0, 0, 0, 1, 0, 0, 0, 0 ],
  [ 0, 1, 0, 0, 0, 0, 0, 0, 0, 1 ],
  [ 0, 0, 1, 0, 0, 0, 0, 0, 0, 0 ],
  [ 0, 0, 0, 1, 0, 0, 0, 0, 0, 0 ],
  [ 0, 0, 0, 0, 1, 0, 0, 0, 0, 0 ],
  [ 0, 0, 0, 0, 0, 0, 1, 0, 0, 0 ],
  [ 0, 0, 0, 0, 0, 0, 0, 1, 0, 0 ],
  [ 0, 0, 0, 0, 0, 0, 0, 0, 1, 0 ] ],

# No. 3
[ [ 1, 0, 0, 0, 0, 0, 0, 0, 0, 1 ],
  [ 0, 1, 0, 0, 0, 1, 0, 0, 0, 0 ],
  [ 0, 0, 1, 0, 0, 0, 1, 0, 0, 0 ],
  [ 0, 0, 0, 1, 0, 0, 0, 1, 0, 0 ],
  [ 0, 0, 0, 0, 1, 0, 0, 0, 1, 0 ] ],

# No. 4
[ [ 1, 0, 0, 0, 0, 0, 0, 0, 0, 1 ],
  [ 0, 1, 0, 0, 0, 1, 0, 0, 0, 0 ],
  [ 0, 0, 1, 0, 0, 0, 1, 0, 0, 0 ],
  [ 0, 0, 0, 1, 0, 0, 0, 0, 1, 0 ],
  [ 0, 0, 0, 0, 1, 0, 0, 1, 0, 0 ] ],

# No. 5
[ [ 1, 0, 0, 0, 1, 1, 0, 0, 0, 0 ],
  [ 0, 1, 0, 0, 0, 0, 0, 0, 1, 1 ],
  [ 0, 0, 1, 0, 0, 0, 0, 0, 0, 0 ],
  [ 0, 0, 0, 1, 0, 0, 0, 0, 0, 0 ],
  [ 0, 0, 0, 0, 0, 0, 1, 0, 0, 0 ],
  [ 0, 0, 0, 0, 0, 0, 0, 1, 0, 0 ] ],

# No. 6
[ [ 1, 0, 0, 0, 1, 0, 0, 0, 0, 0 ],
  [ 0, 1, 0, 0, 0, 0, 0, 0, 1, 0 ],
  [ 0, 0, 1, 0, 0, 1, 0, 0, 0, 0 ],
  [ 0, 0, 0, 1, 0, 0, 0, 0, 0, 0 ],
  [ 0, 0, 0, 0, 0, 0, 1, 0, 0, 1 ],
  [ 0, 0, 0, 0, 0, 0, 0, 1, 0, 0 ] ],

# No. 7
[ [ 1, 0, 0, 0, 0, 0, 0, 0, 1, 0 ],
  [ 0, 1, 0, 0, 1, 0, 0, 0, 0, 0 ],
  [ 0, 0, 1, 0, 0, 1, 1, 0, 0, 1 ],
  [ 0, 0, 0, 1, 0, 0, 0, 1, 0, 0 ] ],

# No. 8
[ [ 1, 0, 0, 1, 1, 1, 0, 0, 0, 0 ],
  [ 0, 1, 0, 0, 0, 0, 0, 1, 1, 1 ],
  [ 0, 0, 1, 0, 0, 0, 0, 0, 0, 0 ],
  [ 0, 0, 0, 0, 0, 0, 1, 0, 0, 0 ] ],

# No. 9
[ [ 1, 0, 0, 1, 1, 0, 0, 0, 0, 0 ],
  [ 0, 1, 0, 0, 0, 0, 0, 1, 1, 0 ],
  [ 0, 0, 1, 0, 0, 1, 0, 0, 0, 0 ],
  [ 0, 0, 0, 0, 0, 0, 1, 0, 0, 1 ] ],

# No. 10
[ [ 1, 0, 0, 1, 0, 0, 0, 0, 1, 1 ],
  [ 0, 1, 0, 0, 1, 1, 0, 1, 0, 0 ],
  [ 0, 0, 1, 0, 0, 0, 1, 0, 0, 0 ] ],

# No. 11
[ [ 1, 0, 0, 0, 0, 0, 0, 1, 0, 0 ],
  [ 0, 1, 0, 1, 0, 0, 0, 0, 0, 0 ],
  [ 0, 0, 1, 0, 1, 1, 1, 0, 1, 1 ] ],

# No. 12
[ [ 1, 0, 1, 1, 1, 1, 0, 0, 0, 0 ],
  [ 0, 1, 0, 0, 0, 0, 1, 1, 1, 1 ] ],

# No. 13
[ [ 1, 1, 0, 0, 0, 0, 0, 0, 0, 0 ],
  [ 0, 0, 1, 0, 0, 0, 1, 0, 0, 0 ],
  [ 0, 0, 0, 1, 0, 0, 0, 1, 0, 0 ],
  [ 0, 0, 0, 0, 1, 0, 0, 0, 1, 0 ],
  [ 0, 0, 0, 0, 0, 1, 0, 0, 0, 1 ] ],

# No. 14
[ [ 1, 1, 0, 0, 0, 1, 0, 0, 0, 1 ],
  [ 0, 0, 1, 0, 0, 0, 1, 0, 0, 0 ],
  [ 0, 0, 0, 1, 0, 0, 0, 1, 0, 0 ],
  [ 0, 0, 0, 0, 1, 0, 0, 0, 1, 0 ] ],

# No. 15
[ [ 1, 1, 0, 0, 1, 1, 0, 0, 1, 1 ],
  [ 0, 0, 1, 0, 0, 0, 1, 0, 0, 0 ],
  [ 0, 0, 0, 1, 0, 0, 0, 1, 0, 0 ] ],

# No. 16
[ [ 1, 1, 0, 0, 1, 0, 0, 0, 1, 0 ],
  [ 0, 0, 1, 0, 0, 1, 1, 0, 0, 1 ],
  [ 0, 0, 0, 1, 0, 0, 0, 1, 0, 0 ] ],

# No. 17
[ [ 1, 1, 0, 1, 1, 1, 0, 1, 1, 1 ],
  [ 0, 0, 1, 0, 0, 0, 1, 0, 0, 0 ] ],

# No. 18
[ [ 1, 1, 0, 1, 1, 0, 0, 1, 1, 0 ],
  [ 0, 0, 1, 0, 0, 1, 1, 0, 0, 1 ] ],

# No. 19
[ [ 1, 1, 1, 1, 1, 1, 1, 1, 1, 1 ] ]
];
#----------------------------------------
#Scheme name: 
as10_7 := 

# Number of Equitable Partitions: 85
# Number of Equivalence Classes: 9
[ 

# No. 1
[ [ 1, 0, 0, 0, 0, 0, 0, 0, 0, 0 ],
  [ 0, 1, 0, 0, 0, 0, 0, 0, 0, 0 ],
  [ 0, 0, 1, 0, 0, 0, 0, 0, 0, 0 ],
  [ 0, 0, 0, 1, 0, 0, 0, 0, 0, 0 ],
  [ 0, 0, 0, 0, 1, 0, 0, 0, 0, 0 ],
  [ 0, 0, 0, 0, 0, 1, 0, 0, 0, 0 ],
  [ 0, 0, 0, 0, 0, 0, 1, 0, 0, 0 ],
  [ 0, 0, 0, 0, 0, 0, 0, 1, 0, 0 ],
  [ 0, 0, 0, 0, 0, 0, 0, 0, 1, 0 ],
  [ 0, 0, 0, 0, 0, 0, 0, 0, 0, 1 ] ],

# No. 2
[ [ 1, 0, 0, 0, 0, 0, 0, 0, 0, 0 ],
  [ 0, 1, 0, 0, 0, 0, 0, 0, 0, 0 ],
  [ 0, 0, 1, 0, 0, 0, 0, 0, 0, 0 ],
  [ 0, 0, 0, 1, 0, 0, 0, 0, 0, 0 ],
  [ 0, 0, 0, 0, 1, 0, 0, 0, 0, 0 ],
  [ 0, 0, 0, 0, 0, 1, 0, 0, 1, 0 ],
  [ 0, 0, 0, 0, 0, 0, 1, 0, 0, 0 ],
  [ 0, 0, 0, 0, 0, 0, 0, 1, 0, 1 ] ],

# No. 3
[ [ 1, 0, 0, 0, 0, 0, 0, 0, 0, 0 ],
  [ 0, 1, 0, 0, 0, 0, 0, 0, 0, 0 ],
  [ 0, 0, 1, 0, 0, 0, 0, 0, 0, 0 ],
  [ 0, 0, 0, 1, 0, 0, 0, 0, 0, 0 ],
  [ 0, 0, 0, 0, 1, 0, 0, 0, 0, 0 ],
  [ 0, 0, 0, 0, 0, 1, 1, 1, 1, 1 ] ],

# No. 4
[ [ 1, 0, 0, 0, 0, 1, 0, 0, 0, 0 ],
  [ 0, 1, 0, 0, 0, 0, 1, 0, 0, 0 ],
  [ 0, 0, 1, 0, 0, 0, 0, 1, 0, 0 ],
  [ 0, 0, 0, 1, 0, 0, 0, 0, 1, 0 ],
  [ 0, 0, 0, 0, 1, 0, 0, 0, 0, 1 ] ],

# No. 5
[ [ 1, 0, 0, 1, 0, 0, 0, 0, 0, 0 ],
  [ 0, 1, 0, 0, 0, 0, 0, 0, 0, 0 ],
  [ 0, 0, 1, 0, 1, 0, 0, 0, 0, 0 ],
  [ 0, 0, 0, 0, 0, 1, 0, 0, 1, 0 ],
  [ 0, 0, 0, 0, 0, 0, 1, 0, 0, 0 ],
  [ 0, 0, 0, 0, 0, 0, 0, 1, 0, 1 ] ],

# No. 6
[ [ 1, 0, 0, 1, 0, 0, 0, 0, 0, 0 ],
  [ 0, 1, 0, 0, 0, 0, 0, 0, 0, 0 ],
  [ 0, 0, 1, 0, 1, 0, 0, 0, 0, 0 ],
  [ 0, 0, 0, 0, 0, 1, 1, 1, 1, 1 ] ],

# No. 7
[ [ 1, 0, 0, 1, 0, 1, 0, 0, 1, 0 ],
  [ 0, 1, 0, 0, 0, 0, 1, 0, 0, 0 ],
  [ 0, 0, 1, 0, 1, 0, 0, 1, 0, 1 ] ],

# No. 8
[ [ 1, 1, 1, 1, 1, 0, 0, 0, 0, 0 ],
  [ 0, 0, 0, 0, 0, 1, 1, 1, 1, 1 ] ],

# No. 9
[ [ 1, 1, 1, 1, 1, 1, 1, 1, 1, 1 ] ]
];
#----------------------------------------
#Scheme name: 
as10_8 := 

# Number of Equitable Partitions: 10
# Number of Equivalence Classes: 5
[ 

# No. 1
[ [ 1, 0, 0, 0, 0, 0, 0, 0, 0, 0 ],
  [ 0, 1, 0, 0, 0, 0, 0, 0, 0, 0 ],
  [ 0, 0, 1, 0, 0, 0, 0, 0, 0, 0 ],
  [ 0, 0, 0, 1, 0, 0, 0, 0, 0, 0 ],
  [ 0, 0, 0, 0, 1, 0, 0, 0, 0, 0 ],
  [ 0, 0, 0, 0, 0, 1, 0, 0, 0, 0 ],
  [ 0, 0, 0, 0, 0, 0, 1, 0, 0, 0 ],
  [ 0, 0, 0, 0, 0, 0, 0, 1, 0, 0 ],
  [ 0, 0, 0, 0, 0, 0, 0, 0, 1, 0 ],
  [ 0, 0, 0, 0, 0, 0, 0, 0, 0, 1 ] ],

# No. 2
[ [ 1, 0, 0, 0, 0, 0, 0, 0, 0, 0 ],
  [ 0, 1, 0, 0, 0, 0, 0, 0, 0, 0 ],
  [ 0, 0, 1, 0, 0, 0, 0, 0, 0, 0 ],
  [ 0, 0, 0, 1, 0, 0, 0, 0, 0, 0 ],
  [ 0, 0, 0, 0, 1, 0, 0, 0, 0, 0 ],
  [ 0, 0, 0, 0, 0, 1, 1, 1, 1, 1 ] ],

# No. 3
[ [ 1, 0, 0, 0, 0, 1, 0, 0, 0, 0 ],
  [ 0, 1, 0, 0, 0, 0, 1, 0, 0, 0 ],
  [ 0, 0, 1, 0, 0, 0, 0, 1, 0, 0 ],
  [ 0, 0, 0, 1, 0, 0, 0, 0, 1, 0 ],
  [ 0, 0, 0, 0, 1, 0, 0, 0, 0, 1 ] ],

# No. 4
[ [ 1, 1, 1, 1, 1, 0, 0, 0, 0, 0 ],
  [ 0, 0, 0, 0, 0, 1, 1, 1, 1, 1 ] ],

# No. 5
[ [ 1, 1, 1, 1, 1, 1, 1, 1, 1, 1 ] ]
];
#----------------------------------------
#Scheme name: 
as10_9 := 

# Number of Equitable Partitions: 19
# Number of Equivalence Classes: 7
[ 

# No. 1
[ [ 1, 0, 0, 0, 0, 0, 0, 0, 0, 0 ],
  [ 0, 1, 0, 0, 0, 0, 0, 0, 0, 0 ],
  [ 0, 0, 1, 0, 0, 0, 0, 0, 0, 0 ],
  [ 0, 0, 0, 1, 0, 0, 0, 0, 0, 0 ],
  [ 0, 0, 0, 0, 1, 0, 0, 0, 0, 0 ],
  [ 0, 0, 0, 0, 0, 1, 0, 0, 0, 0 ],
  [ 0, 0, 0, 0, 0, 0, 1, 0, 0, 0 ],
  [ 0, 0, 0, 0, 0, 0, 0, 1, 0, 0 ],
  [ 0, 0, 0, 0, 0, 0, 0, 0, 1, 0 ],
  [ 0, 0, 0, 0, 0, 0, 0, 0, 0, 1 ] ],

# No. 2
[ [ 1, 0, 0, 0, 0, 0, 1, 0, 0, 0 ],
  [ 0, 1, 0, 0, 0, 0, 0, 0, 1, 0 ],
  [ 0, 0, 1, 0, 0, 0, 0, 0, 0, 0 ],
  [ 0, 0, 0, 1, 0, 0, 0, 1, 0, 0 ],
  [ 0, 0, 0, 0, 1, 0, 0, 0, 0, 0 ],
  [ 0, 0, 0, 0, 0, 1, 0, 0, 0, 1 ] ],

# No. 3
[ [ 1, 0, 0, 0, 0, 0, 0, 0, 0, 1 ],
  [ 0, 1, 0, 0, 0, 0, 0, 1, 0, 0 ],
  [ 0, 0, 1, 0, 0, 0, 0, 0, 1, 0 ],
  [ 0, 0, 0, 1, 0, 1, 0, 0, 0, 0 ],
  [ 0, 0, 0, 0, 1, 0, 1, 0, 0, 0 ] ],

# No. 4
[ [ 1, 0, 1, 1, 0, 0, 1, 1, 0, 0 ],
  [ 0, 1, 0, 0, 1, 1, 0, 0, 1, 1 ] ],

# No. 5
[ [ 1, 1, 0, 0, 0, 0, 0, 0, 0, 0 ],
  [ 0, 0, 1, 0, 1, 0, 0, 0, 0, 0 ],
  [ 0, 0, 0, 1, 0, 1, 0, 0, 0, 0 ],
  [ 0, 0, 0, 0, 0, 0, 1, 0, 1, 0 ],
  [ 0, 0, 0, 0, 0, 0, 0, 1, 0, 1 ] ],

# No. 6
[ [ 1, 1, 0, 0, 0, 0, 1, 0, 1, 0 ],
  [ 0, 0, 1, 0, 1, 0, 0, 0, 0, 0 ],
  [ 0, 0, 0, 1, 0, 1, 0, 1, 0, 1 ] ],

# No. 7
[ [ 1, 1, 1, 1, 1, 1, 1, 1, 1, 1 ] ]
];
#----------------------------------------
#Scheme name: 
as10_10 := 

# Number of Equitable Partitions: 13
# Number of Equivalence Classes: 5
[ 

# No. 1
[ [ 1, 0, 0, 0, 0, 0, 0, 0, 0, 0 ],
  [ 0, 1, 0, 0, 0, 0, 0, 0, 0, 0 ],
  [ 0, 0, 1, 0, 0, 0, 0, 0, 0, 0 ],
  [ 0, 0, 0, 1, 0, 0, 0, 0, 0, 0 ],
  [ 0, 0, 0, 0, 1, 0, 0, 0, 0, 0 ],
  [ 0, 0, 0, 0, 0, 1, 0, 0, 0, 0 ],
  [ 0, 0, 0, 0, 0, 0, 1, 0, 0, 0 ],
  [ 0, 0, 0, 0, 0, 0, 0, 1, 0, 0 ],
  [ 0, 0, 0, 0, 0, 0, 0, 0, 1, 0 ],
  [ 0, 0, 0, 0, 0, 0, 0, 0, 0, 1 ] ],

# No. 2
[ [ 1, 0, 0, 0, 1, 0, 0, 0, 0, 0 ],
  [ 0, 1, 0, 0, 0, 0, 0, 1, 0, 0 ],
  [ 0, 0, 1, 0, 0, 0, 0, 0, 0, 0 ],
  [ 0, 0, 0, 1, 0, 1, 0, 0, 0, 0 ],
  [ 0, 0, 0, 0, 0, 0, 1, 0, 0, 1 ],
  [ 0, 0, 0, 0, 0, 0, 0, 0, 1, 0 ] ],

# No. 3
[ [ 1, 0, 0, 0, 1, 0, 1, 0, 0, 1 ],
  [ 0, 1, 0, 1, 0, 1, 0, 1, 0, 0 ],
  [ 0, 0, 1, 0, 0, 0, 0, 0, 1, 0 ] ],

# No. 4
[ [ 1, 0, 1, 1, 1, 1, 0, 0, 0, 0 ],
  [ 0, 1, 0, 0, 0, 0, 1, 1, 1, 1 ] ],

# No. 5
[ [ 1, 1, 1, 1, 1, 1, 1, 1, 1, 1 ] ]
];
#----------------------------------------
#Scheme name: 
as10_11 := 

# Number of Equitable Partitions: 49
# Number of Equivalence Classes: 10
[ 

# No. 1
[ [ 1, 0, 0, 0, 0, 0, 0, 0, 0, 0 ],
  [ 0, 1, 0, 0, 0, 0, 0, 0, 0, 0 ],
  [ 0, 0, 1, 0, 0, 0, 0, 0, 0, 0 ],
  [ 0, 0, 0, 1, 0, 0, 0, 0, 0, 0 ],
  [ 0, 0, 0, 0, 1, 0, 0, 0, 0, 0 ],
  [ 0, 0, 0, 0, 0, 1, 0, 0, 0, 0 ],
  [ 0, 0, 0, 0, 0, 0, 1, 0, 0, 0 ],
  [ 0, 0, 0, 0, 0, 0, 0, 1, 0, 0 ],
  [ 0, 0, 0, 0, 0, 0, 0, 0, 1, 0 ],
  [ 0, 0, 0, 0, 0, 0, 0, 0, 0, 1 ] ],

# No. 2
[ [ 1, 0, 0, 0, 0, 0, 0, 0, 0, 0 ],
  [ 0, 1, 0, 0, 0, 0, 0, 0, 0, 0 ],
  [ 0, 0, 1, 0, 0, 0, 0, 0, 0, 0 ],
  [ 0, 0, 0, 1, 0, 0, 0, 0, 0, 0 ],
  [ 0, 0, 0, 0, 1, 0, 0, 0, 0, 0 ],
  [ 0, 0, 0, 0, 0, 1, 0, 0, 0, 0 ],
  [ 0, 0, 0, 0, 0, 0, 1, 0, 0, 0 ],
  [ 0, 0, 0, 0, 0, 0, 0, 1, 0, 0 ],
  [ 0, 0, 0, 0, 0, 0, 0, 0, 1, 1 ] ],

# No. 3
[ [ 1, 0, 0, 0, 0, 0, 0, 0, 0, 0 ],
  [ 0, 1, 0, 0, 0, 0, 0, 0, 0, 0 ],
  [ 0, 0, 1, 0, 0, 0, 0, 0, 0, 0 ],
  [ 0, 0, 0, 1, 0, 0, 0, 0, 0, 0 ],
  [ 0, 0, 0, 0, 1, 0, 0, 0, 0, 0 ],
  [ 0, 0, 0, 0, 0, 1, 0, 0, 0, 0 ],
  [ 0, 0, 0, 0, 0, 0, 1, 1, 0, 0 ],
  [ 0, 0, 0, 0, 0, 0, 0, 0, 1, 1 ] ],

# No. 4
[ [ 1, 0, 0, 0, 0, 0, 0, 0, 0, 0 ],
  [ 0, 1, 0, 0, 0, 0, 0, 0, 0, 0 ],
  [ 0, 0, 1, 0, 0, 0, 0, 0, 0, 0 ],
  [ 0, 0, 0, 1, 0, 0, 0, 0, 0, 0 ],
  [ 0, 0, 0, 0, 1, 1, 0, 0, 0, 0 ],
  [ 0, 0, 0, 0, 0, 0, 1, 0, 0, 0 ],
  [ 0, 0, 0, 0, 0, 0, 0, 1, 0, 0 ],
  [ 0, 0, 0, 0, 0, 0, 0, 0, 1, 1 ] ],

# No. 5
[ [ 1, 0, 0, 0, 0, 0, 0, 0, 0, 0 ],
  [ 0, 1, 0, 0, 0, 0, 0, 0, 0, 0 ],
  [ 0, 0, 1, 0, 0, 0, 0, 0, 0, 0 ],
  [ 0, 0, 0, 1, 0, 0, 0, 0, 0, 0 ],
  [ 0, 0, 0, 0, 1, 1, 0, 0, 0, 0 ],
  [ 0, 0, 0, 0, 0, 0, 1, 1, 0, 0 ],
  [ 0, 0, 0, 0, 0, 0, 0, 0, 1, 1 ] ],

# No. 6
[ [ 1, 0, 0, 0, 0, 0, 0, 0, 0, 0 ],
  [ 0, 1, 0, 0, 0, 0, 0, 0, 0, 0 ],
  [ 0, 0, 1, 1, 0, 0, 0, 0, 0, 0 ],
  [ 0, 0, 0, 0, 1, 1, 0, 0, 0, 0 ],
  [ 0, 0, 0, 0, 0, 0, 1, 0, 0, 0 ],
  [ 0, 0, 0, 0, 0, 0, 0, 1, 0, 0 ],
  [ 0, 0, 0, 0, 0, 0, 0, 0, 1, 1 ] ],

# No. 7
[ [ 1, 0, 0, 0, 0, 0, 0, 0, 0, 0 ],
  [ 0, 1, 0, 0, 0, 0, 0, 0, 0, 0 ],
  [ 0, 0, 1, 1, 0, 0, 0, 0, 0, 0 ],
  [ 0, 0, 0, 0, 1, 1, 0, 0, 0, 0 ],
  [ 0, 0, 0, 0, 0, 0, 1, 1, 0, 0 ],
  [ 0, 0, 0, 0, 0, 0, 0, 0, 1, 1 ] ],

# No. 8
[ [ 1, 0, 1, 0, 1, 0, 1, 0, 1, 0 ],
  [ 0, 1, 0, 1, 0, 1, 0, 1, 0, 1 ] ],

# No. 9
[ [ 1, 1, 0, 0, 0, 0, 0, 0, 0, 0 ],
  [ 0, 0, 1, 1, 0, 0, 0, 0, 0, 0 ],
  [ 0, 0, 0, 0, 1, 1, 0, 0, 0, 0 ],
  [ 0, 0, 0, 0, 0, 0, 1, 1, 0, 0 ],
  [ 0, 0, 0, 0, 0, 0, 0, 0, 1, 1 ] ],

# No. 10
[ [ 1, 1, 1, 1, 1, 1, 1, 1, 1, 1 ] ]
];
